# Elapsed time   CPU (%)     Real (MB)   Virtual (MB)
       0.000        0.000       25.961       12.422
       0.048        0.000       31.734       13.102
       0.079        0.000       38.332       16.363
       0.110        0.000       39.062       16.434
       0.141        0.000       39.301       16.434
       0.173        0.000       39.477       16.434
       0.204        0.000       39.262       16.434
       0.235        0.000       39.047       16.434
       0.267        0.000       39.215       16.434
       0.298        0.000       39.062       16.434
       0.329        0.000       39.262       16.434
       0.357        0.000       38.887       16.418
       0.385        0.000       38.930       16.418
       0.413        0.000       47.801       25.516
       0.444        0.000       58.504       29.477
       0.476        0.000       61.352       30.652
       0.507        0.000       65.094       32.891
       0.538        0.000       66.770       34.492
       0.570        0.000       68.801       36.578
       0.602        0.000       70.398       38.305
       0.633        0.000       71.090       39.035
       0.664        0.000       72.336       40.375
       0.695        0.000       73.676       41.730
       0.727        0.000       74.484       42.438
       0.758        0.000       75.074       42.695
       0.789        0.000       76.016       44.012
       0.820        0.000       76.840       44.773
       0.852        0.000       77.355       45.316
       0.883        0.000       78.516       46.191
       0.915        0.000       80.789       46.926
       0.943        0.000       83.598       47.957
       0.975        0.000       83.867       48.215
       1.004        0.000       83.867       48.215
       1.032        0.000       83.867       48.215
       1.060        0.000       83.867       48.215
       1.086        0.000       83.867       48.215
       1.114        0.000       83.867       48.215
       1.145        0.000       83.867       48.215
       1.173        0.000       83.867       48.215
       1.203        0.000       83.867       48.215
       1.235        0.000       83.867       48.215
       1.261        0.000       83.867       48.215
       1.288        0.000       83.867       48.215
       1.316        0.000       83.867       48.215
       1.347        0.000       83.867       48.215
       1.378        0.000       83.867       48.215
       1.415        0.000       83.867       48.215
       1.446        0.000       83.867       48.215
       1.477        0.000       83.867       48.215
       1.509        0.000       83.867       48.215
       1.540        0.000       83.867       48.215
       1.571        0.000       83.867       48.215
       1.602        0.000       83.867       48.215
       1.634        0.000       83.867       48.215
       1.665        0.000       83.867       48.215
       1.696        0.000       83.867       48.215
       1.727        0.000       83.867       48.215
       1.759        0.000       83.867       48.215
       1.790        0.000       83.867       48.215
       1.821        0.000       83.867       48.215
       1.852        0.000       83.867       48.215
       1.883        0.000       83.867       48.215
       1.913        0.000       83.867       48.215
       1.945        0.000       83.867       48.215
       1.976        0.000       83.867       48.215
       2.008        0.000       83.867       48.215
       2.039        0.000       83.867       48.215
       2.070        0.000       83.867       48.215
       2.101        0.000       83.867       48.215
       2.133        0.000       83.867       48.215
       2.164        0.000       83.867       48.215
       2.195        0.000       83.867       48.215
       2.226        0.000       83.867       48.215
       2.258        0.000       83.867       48.215
       2.289        0.000       83.867       48.215
       2.320        0.000       83.867       48.215
       2.351        0.000       83.867       48.215
       2.383        0.000       83.867       48.215
       2.411        0.000       83.867       48.215
       2.431        0.000       83.867       48.215
       2.463        0.000       83.867       48.215
       2.494        0.000       83.867       48.215
       2.525        0.000       83.867       48.215
       2.556        0.000       83.867       48.215
       2.588        0.000       83.867       48.215
       2.619        0.000       83.867       48.215
       2.650        0.000       83.867       48.215
       2.681        0.000       83.867       48.215
       2.713        0.000       83.867       48.215
       2.744        0.000       83.867       48.215
       2.775        0.000       83.867       48.215
       2.806        0.000       83.867       48.215
       2.838        0.000       83.867       48.215
       2.869        0.000       83.867       48.215
       2.901        0.000       83.867       48.215
       2.941        0.000       83.867       48.215
       2.972        0.000       83.867       48.215
       3.003        0.000       83.867       48.215
       3.034        0.000       83.867       48.215
       3.066        0.000       83.867       48.215
       3.097        0.000       83.867       48.215
       3.128        0.000       83.867       48.215
       3.159        0.000       83.867       48.215
       3.190        0.000       83.867       48.215
       3.222        0.000       83.867       48.215
       3.253        0.000       83.867       48.215
       3.284        0.000       83.867       48.215
       3.315        0.000       83.867       48.215
       3.347        0.000       83.867       48.215
       3.372        0.000       83.867       48.215
       3.401        0.000       83.867       48.215
       3.429        0.000       83.867       48.215
       3.460        0.000       83.867       48.215
       3.491        0.000       83.867       48.215
       3.523        0.000       83.867       48.215
       3.554        0.000       83.867       48.215
       3.585        0.000       83.867       48.215
       3.616        0.000       83.867       48.215
       3.648        0.000       83.867       48.215
       3.679        0.000       83.867       48.215
       3.710        0.000       83.867       48.215
       3.741        0.000       83.867       48.215
       3.773        0.000       83.867       48.215
       3.804        0.000       83.867       48.215
       3.835        0.000       83.867       48.215
       3.866        0.000       83.867       48.215
       3.894        0.000       83.867       48.215
       3.930        0.000       83.867       48.215
       3.961        0.000       83.867       48.215
       3.993        0.000       83.867       48.215
       4.024        0.000       83.867       48.215
       4.055        0.000       83.867       48.215
       4.086        0.000       83.867       48.215
       4.118        0.000       83.867       48.215
       4.149        0.000       83.867       48.215
       4.180        0.000       83.867       48.215
       4.211        0.000       83.867       48.215
       4.243        0.000       83.867       48.215
       4.274        0.000       83.867       48.215
       4.305        0.000       83.867       48.215
       4.336        0.000       83.867       48.215
       4.368        0.000       83.867       48.215
       4.394        0.000       83.867       48.215
       4.430        0.000       83.867       48.215
       4.461        0.000       83.867       48.215
       4.492        0.000       83.867       48.215
       4.524        0.000       83.867       48.215
       4.555        0.000       83.867       48.215
       4.586        0.000       83.867       48.215
       4.617        0.000       83.867       48.215
       4.649        0.000       83.867       48.215
       4.680        0.000       83.867       48.215
       4.711        0.000       83.867       48.215
       4.742        0.000       83.867       48.215
       4.774        0.000       83.867       48.215
       4.805        0.000       83.867       48.215
       4.836        0.000       83.867       48.215
       4.867        0.000       83.867       48.215
       4.896        0.000       83.867       48.215
       4.932        0.000       83.867       48.215
       4.963        0.000       83.867       48.215
       4.994        0.000       83.867       48.215
       5.026        0.000       83.867       48.215
       5.057        0.000       83.867       48.215
       5.088        0.000       83.867       48.215
       5.119        0.000       83.867       48.215
       5.151        0.000       83.867       48.215
       5.182        0.000       83.867       48.215
       5.213        0.000       83.867       48.215
       5.244        0.000       83.867       48.215
       5.275        0.000       83.867       48.215
       5.307        0.000       83.867       48.215
       5.338        0.000       83.867       48.215
       5.369        0.000       83.867       48.215
       5.398        0.000       83.867       48.215
       5.430        0.000       83.867       48.215
       5.462        0.000       83.867       48.215
       5.493        0.000       83.867       48.215
       5.524        0.000       83.867       48.215
       5.555        0.000       83.867       48.215
       5.586        0.000       83.867       48.215
       5.618        0.000       83.867       48.215
       5.649        0.000       83.867       48.215
       5.680        0.000       83.867       48.215
       5.711        0.000       83.867       48.215
       5.743        0.000       83.867       48.215
       5.774        0.000       83.867       48.215
       5.805        0.000       83.867       48.215
       5.836        0.000       83.867       48.215
       5.868        0.000       83.867       48.215
       5.897        0.000       83.867       48.215
       5.929        0.000       83.867       48.215
       5.960        0.000       83.867       48.215
       5.991        0.000       83.867       48.215
       6.022        0.000       83.867       48.215
       6.054        0.000       83.867       48.215
       6.085        0.000       83.867       48.215
       6.116        0.000       83.867       48.215
       6.147        0.000       83.867       48.215
       6.179        0.000       83.867       48.215
       6.210        0.000       83.867       48.215
       6.241        0.000       83.867       48.215
       6.272        0.000       83.867       48.215
       6.303        0.000       83.867       48.215
       6.335        0.000       83.867       48.215
       6.366        0.000       83.867       48.215
       6.398        0.000       83.867       48.215
       6.430        0.000       83.867       48.215
       6.461        0.000       83.867       48.215
       6.492        0.000       83.867       48.215
       6.523        0.000       83.867       48.215
       6.555        0.000       83.867       48.215
       6.586        0.000       83.867       48.215
       6.617        0.000       83.867       48.215
       6.649        0.000       83.867       48.215
       6.680        0.000       83.867       48.215
       6.711        0.000       83.867       48.215
       6.742        0.000       83.867       48.215
       6.774        0.000       83.867       48.215
       6.805        0.000       83.867       48.215
       6.836        0.000       83.867       48.215
       6.867        0.000       83.867       48.215
       6.895        0.000       83.867       48.215
       6.931        0.000       83.867       48.215
       6.963        0.000       83.867       48.215
       6.994        0.000       83.867       48.215
       7.025        0.000       83.867       48.215
       7.056        0.000       83.867       48.215
       7.088        0.000       83.867       48.215
       7.119        0.000       83.867       48.215
       7.150        0.000       83.867       48.215
       7.181        0.000       83.867       48.215
       7.228        0.000       83.867       48.215
       7.259        0.000       83.867       48.215
       7.291        0.000       83.867       48.215
       7.322        0.000       83.867       48.215
       7.353        0.000       83.867       48.215
       7.384        0.000       83.867       48.215
       7.411        0.000       83.867       48.215
       7.431        0.000       83.867       48.215
       7.462        0.000       83.867       48.215
       7.494        0.000       83.867       48.215
       7.525        0.000       83.867       48.215
       7.556        0.000       83.867       48.215
       7.587        0.000       83.867       48.215
       7.619        0.000       83.867       48.215
       7.650        0.000       83.867       48.215
       7.681        0.000       83.867       48.215
       7.712        0.000       83.867       48.215
       7.744        0.000       83.867       48.215
       7.775        0.000       83.867       48.215
       7.806        0.000       83.867       48.215
       7.837        0.000       83.867       48.215
       7.869        0.000       83.867       48.215
       7.901        0.000       83.867       48.215
       7.929        0.000       83.867       48.215
       7.960        0.000       83.867       48.215
       7.991        0.000       83.867       48.215
       8.022        0.000       83.867       48.215
       8.054        0.000       83.867       48.215
       8.085        0.000       83.867       48.215
       8.116        0.000       83.867       48.215
       8.147        0.000       83.867       48.215
       8.179        0.000       83.867       48.215
       8.210        0.000       83.867       48.215
       8.241        0.000       83.867       48.215
       8.272        0.000       83.867       48.215
       8.304        0.000       83.867       48.215
       8.335        0.000       83.867       48.215
       8.366        0.000       83.867       48.215
       8.395        0.000       83.867       48.215
       8.415        0.000       83.867       48.215
       8.446        0.000       83.867       48.215
       8.477        0.000       83.867       48.215
       8.508        0.000       83.867       48.215
       8.540        0.000       83.867       48.215
       8.571        0.000       83.867       48.215
       8.602        0.000       83.867       48.215
       8.633        0.000       83.867       48.215
       8.665        0.000       83.867       48.215
       8.696        0.000       83.867       48.215
       8.727        0.000       83.867       48.215
       8.758        0.000       83.867       48.215
       8.790        0.000       83.867       48.215
       8.821        0.000       83.867       48.215
       8.852        0.000       83.867       48.215
       8.883        0.000       83.867       48.215
       8.916        0.000       83.867       48.215
       8.946        0.000       83.867       48.215
       8.972        0.000       83.867       48.215
       8.998        0.000       83.867       48.215
       9.025        0.000       83.867       48.215
       9.051        0.000       83.867       48.215
       9.077        0.000       83.867       48.215
       9.107        0.000       83.867       48.215
       9.135        0.000       83.867       48.215
       9.163        0.000       83.867       48.215
       9.189        0.000       83.867       48.215
       9.217        0.000       83.867       48.215
       9.245        0.000       83.867       48.215
       9.271        0.000       83.867       48.215
       9.300        0.000       83.867       48.215
       9.333        0.000       83.867       48.215
       9.364        0.000       83.867       48.215
       9.393        0.000       83.867       48.215
       9.430        0.000       83.867       48.215
       9.461        0.000       83.867       48.215
       9.492        0.000       83.867       48.215
       9.523        0.000       83.867       48.215
       9.555        0.000       83.867       48.215
       9.586        0.000       83.867       48.215
       9.617        0.000       83.867       48.215
       9.648        0.000       83.867       48.215
       9.680        0.000       83.867       48.215
       9.711        0.000       83.867       48.215
       9.742        0.000       83.867       48.215
       9.773        0.000       83.867       48.215
       9.805        0.000       83.867       48.215
       9.836        0.000       83.867       48.215
       9.867        0.000       83.867       48.215
       9.899        0.000       83.867       48.215
       9.932        0.000       83.867       48.215
       9.963        0.000       83.867       48.215
       9.994        0.000       83.867       48.215
      10.025        0.000       83.867       48.215
      10.057        0.000       83.867       48.215
      10.088        0.000       83.867       48.215
      10.119        0.000       83.867       48.215
      10.150        0.000       83.867       48.215
      10.182        0.000       83.867       48.215
      10.213        0.000       83.867       48.215
      10.244        0.000       83.867       48.215
      10.275        0.000       83.867       48.215
      10.307        0.000       83.867       48.215
      10.338        0.000       83.867       48.215
      10.369        0.000       83.867       48.215
      10.397        0.000       83.867       48.215
      10.429        0.000       83.867       48.215
      10.460        0.000       83.867       48.215
      10.491        0.000       83.867       48.215
      10.522        0.000       83.867       48.215
      10.554        0.000       83.867       48.215
      10.585        0.000       83.867       48.215
      10.616        0.000       83.867       48.215
      10.647        0.000       83.867       48.215
      10.679        0.000       83.867       48.215
      10.710        0.000       83.867       48.215
      10.741        0.000       83.867       48.215
      10.772        0.000       83.867       48.215
      10.804        0.000       83.867       48.215
      10.835        0.000       83.867       48.215
      10.865        0.000       83.867       48.215
      10.897        0.000       83.867       48.215
      10.929        0.000       83.867       48.215
      10.960        0.000       83.867       48.215
      10.992        0.000       83.867       48.215
      11.023        0.000       83.867       48.215
      11.054        0.000       83.867       48.215
      11.085        0.000       83.867       48.215
      11.117        0.000       83.867       48.215
      11.148        0.000       83.867       48.215
      11.179        0.000       83.867       48.215
      11.210        0.000       83.867       48.215
      11.242        0.000       83.867       48.215
      11.273        0.000       83.867       48.215
      11.304        0.000       83.867       48.215
      11.335        0.000       83.867       48.215
      11.367        0.000       83.867       48.215
      11.394        0.000       83.867       48.215
      11.431        0.000       83.867       48.215
      11.462        0.000       83.867       48.215
      11.493        0.000       83.867       48.215
      11.524        0.000       83.867       48.215
      11.556        0.000       83.867       48.215
      11.587        0.000       83.867       48.215
      11.618        0.000       83.867       48.215
      11.649        0.000       83.867       48.215
      11.681        0.000       83.867       48.215
      11.712        0.000       83.867       48.215
      11.743        0.000       83.867       48.215
      11.774        0.000       83.867       48.215
      11.806        0.000       83.867       48.215
      11.837        0.000       83.867       48.215
      11.868        0.000       83.867       48.215
      11.896        0.000       83.867       48.215
      11.932        0.000       83.867       48.215
      11.963        0.000       83.867       48.215
      11.994        0.000       83.867       48.215
      12.026        0.000       83.867       48.215
      12.057        0.000       83.867       48.215
      12.088        0.000       83.867       48.215
      12.119        0.000       83.867       48.215
      12.159        0.000       83.867       48.215
      12.191        0.000       83.867       48.215
      12.222        0.000       83.867       48.215
      12.253        0.000       83.867       48.215
      12.284        0.000       83.867       48.215
      12.316        0.000       83.867       48.215
      12.347        0.000       83.867       48.215
      12.373        0.000       83.867       48.215
      12.401        0.000       83.867       48.215
      12.429        0.000       83.867       48.215
      12.460        0.000       83.867       48.215
      12.491        0.000       83.867       48.215
      12.523        0.000       83.867       48.215
      12.554        0.000       83.867       48.215
      12.585        0.000       83.867       48.215
      12.616        0.000       83.867       48.215
      12.648        0.000       83.867       48.215
      12.679        0.000       83.867       48.215
      12.710        0.000       83.867       48.215
      12.741        0.000       83.867       48.215
      12.773        0.000       83.867       48.215
      12.804        0.000       83.867       48.215
      12.835        0.000       83.867       48.215
      12.866        0.000       83.867       48.215
      12.898        0.000       83.867       48.215
      12.928        0.000       83.867       48.215
      12.961        0.000       83.867       48.215
      12.990        0.000       83.867       48.215
      13.017        0.000       83.867       48.215
      13.043        0.000       83.867       48.215
      13.069        0.000       83.867       48.215
      13.097        0.000       83.867       48.215
      13.125        0.000       83.867       48.215
      13.153        0.000       83.867       48.215
      13.181        0.000       83.867       48.215
      13.209        0.000       83.867       48.215
      13.235        0.000       83.867       48.215
      13.262        0.000       83.867       48.215
      13.290        0.000       83.867       48.215
      13.314        0.000       83.867       48.215
      13.345        0.000       83.867       48.215
      13.376        0.000       83.867       48.215
      13.404        0.000       83.867       48.215
      13.432        0.000       83.867       48.215
      13.463        0.000       83.867       48.215
      13.494        0.000       83.867       48.215
      13.526        0.000       83.867       48.215
      13.557        0.000       83.867       48.215
      13.588        0.000       83.867       48.215
      13.619        0.000       83.867       48.215
      13.651        0.000       83.867       48.215
      13.682        0.000       83.867       48.215
      13.713        0.000       83.867       48.215
      13.744        0.000       83.867       48.215
      13.776        0.000       83.867       48.215
      13.807        0.000       83.867       48.215
      13.838        0.000       83.867       48.215
      13.868        0.000       83.867       48.215
      13.900        0.000       83.867       48.215
      13.932        0.000       83.867       48.215
      13.963        0.000       83.867       48.215
      13.995        0.000       83.867       48.215
      14.026        0.000       83.867       48.215
      14.057        0.000       83.867       48.215
      14.088        0.000       83.867       48.215
      14.120        0.000       83.867       48.215
      14.151        0.000       83.867       48.215
      14.182        0.000       83.867       48.215
      14.213        0.000       83.867       48.215
      14.245        0.000       83.867       48.215
      14.276        0.000       83.867       48.215
      14.307        0.000       83.867       48.215
      14.338        0.000       83.867       48.215
      14.370        0.000       83.867       48.215
      14.397        0.000       83.867       48.215
      14.429        0.000       83.867       48.215
      14.461        0.000       83.867       48.215
      14.492        0.000       83.867       48.215
      14.523        0.000       83.867       48.215
      14.554        0.000       83.867       48.215
      14.586        0.000       83.867       48.215
      14.617        0.000       83.867       48.215
      14.648        0.000       83.867       48.215
      14.679        0.000       83.867       48.215
      14.711        0.000       83.867       48.215
      14.742        0.000       83.867       48.215
      14.773        0.000       83.867       48.215
      14.804        0.000       83.867       48.215
      14.835        0.000       83.867       48.215
      14.867        0.000       83.867       48.215
      14.895        0.000       83.867       48.215
      14.931        0.000       83.867       48.215
      14.962        0.000       83.867       48.215
      14.993        0.000       83.867       48.215
      15.024        0.000       83.867       48.215
      15.056        0.000       83.867       48.215
      15.087        0.000       83.867       48.215
      15.118        0.000       83.867       48.215
      15.149        0.000       83.867       48.215
      15.181        0.000       83.867       48.215
      15.212        0.000       83.867       48.215
      15.243        0.000       83.867       48.215
      15.274        0.000       83.867       48.215
      15.306        0.000       83.867       48.215
      15.337        0.000       83.867       48.215
      15.368        0.000       83.867       48.215
      15.396        0.000       83.867       48.215
      15.432        0.000       83.867       48.215
      15.463        0.000       83.867       48.215
      15.495        0.000       83.867       48.215
      15.526        0.000       83.867       48.215
      15.557        0.000       83.867       48.215
      15.588        0.000       83.867       48.215
      15.620        0.000       83.867       48.215
      15.651        0.000       83.867       48.215
      15.682        0.000       83.867       48.215
      15.713        0.000       83.867       48.215
      15.745        0.000       83.867       48.215
      15.776        0.000       83.867       48.215
      15.807        0.000       83.867       48.215
      15.838        0.000       83.867       48.215
      15.870        0.000       83.867       48.215
      15.897        0.000       83.867       48.215
      15.926        0.000       83.867       48.215
      15.954        0.000       83.867       48.215
      15.983        0.000       83.867       48.215
      16.011        0.000       83.867       48.215
      16.039        0.000       83.867       48.215
      16.065        0.000       83.867       48.215
      16.091        0.000       83.867       48.215
      16.118        0.000       83.867       48.215
      16.146        0.000       83.867       48.215
      16.174        0.000       83.867       48.215
      16.200        0.000       83.867       48.215
      16.228        0.000       83.867       48.215
      16.256        0.000       83.867       48.215
      16.284        0.000       83.867       48.215
      16.316        0.000       83.867       48.215
      16.347        0.000       83.867       48.215
      16.376        0.000       83.867       48.215
      16.404        0.000       83.867       48.215
      16.432        0.000       83.867       48.215
      16.463        0.000       83.867       48.215
      16.494        0.000       83.867       48.215
      16.526        0.000       83.867       48.215
      16.557        0.000       83.867       48.215
      16.588        0.000       83.867       48.215
      16.619        0.000       83.867       48.215
      16.651        0.000       83.867       48.215
      16.682        0.000       83.867       48.215
      16.713        0.000       83.867       48.215
      16.744        0.000       83.867       48.215
      16.776        0.000       83.867       48.215
      16.807        0.000       83.867       48.215
      16.838        0.000       83.867       48.215
      16.869        0.000       83.867       48.215
      16.897        0.000       83.867       48.215
      16.929        0.000       83.867       48.215
      16.960        0.000       83.867       48.215
      16.991        0.000       83.867       48.215
      17.023        0.000       83.867       48.215
      17.054        0.000       83.867       48.215
      17.085        0.000       84.094       48.250
      17.116        0.000       90.023       51.555
      17.156        0.000       98.422       56.477
      17.187        0.000      105.406       61.121
      17.219        0.000      108.168       62.598
      17.250        0.000      114.676       69.043
      17.281        0.000      118.016       72.488
      17.312        0.000      123.918       76.855
      17.359        0.000      130.371       83.262
      17.391        0.000      132.535       89.555
      17.427        0.000      139.633       96.445
      17.462        0.000      147.078      103.742
      17.493        0.000      152.789      109.547
      17.540        0.000      161.676      118.414
      17.587        0.000      169.117      127.465
      17.634        0.000      180.949      138.605
      17.696        0.000      190.215      147.301
      17.728        0.000      191.805      148.289
      17.759        0.000      193.672      149.508
      17.790        0.000      198.562      152.398
      17.821        0.000      202.070      154.207
      17.853        0.000      207.977      158.734
      17.884        0.000      213.641      161.016
      17.928        0.000      221.055      295.262
      17.959        0.000      224.879      312.152
      17.990        0.000      226.332      312.234
      18.022        0.000      226.672      312.234
      18.053        0.000      226.996      312.234
      18.084        0.000      227.438      312.234
      18.115        0.000      227.879      312.234
      18.147        0.000      228.250      312.234
      18.178        0.000      233.949      315.137
      18.225        0.000      235.539      315.695
      18.256        0.000      235.539      315.695
      18.287        0.000      235.539      315.695
      18.318        0.000      237.871      316.723
      18.350        0.000      240.418      317.500
      18.396        0.000      240.418      317.500
      18.428        0.000      240.418      317.500
      18.475        0.000      255.875      323.340
      18.553        0.000      256.699      324.520
      18.584        0.000      260.227      327.910
      18.631        0.000      258.953      326.469
      18.662        0.000      258.953      326.469
      18.694        0.000      261.012      328.957
      18.740        0.000      261.141      328.957
      18.772        0.000      261.141      328.957
      18.818        0.000      265.289      330.180
      18.865        0.000      263.980      329.383
      18.897        0.000      264.012      329.410
      18.929        0.000      264.035      329.414
      18.960        0.000      264.035      329.414
      18.992        0.000      264.180      329.484
      19.023        0.000      264.180      329.484
      19.054        0.000      264.180      329.484
      19.085        0.000      264.180      329.484
      19.117        0.000      264.223      329.539
      19.148        0.000      265.617      331.086
      19.195        0.000      265.723      331.176
      19.226        0.000      265.723      331.176
      19.257        0.000      265.723      331.176
      19.288        0.000      265.723      331.176
      19.320        0.000      265.723      331.176
      19.351        0.000      265.723      331.176
      19.382        0.000      265.723      331.176
      19.415        0.000      266.957      333.039
      19.446        0.000      267.629      333.672
      19.477        0.000      267.664      333.672
      19.509        0.000      267.648      333.656
      19.540        0.000      267.648      333.656
      19.571        0.000      268.840      335.500
      19.602        0.000      271.504      338.520
      19.634        0.000      274.523      341.918
      19.665        0.000      275.480      342.867
      19.696        0.000      275.023      342.422
      19.727        0.000      273.363      340.859
      19.759        0.000      273.363      340.859
      19.790        0.000      273.363      340.859
      19.821        0.000      276.047      345.867
      19.852        0.000      279.789      352.727
      19.884        0.000      281.262      355.324
      19.924        0.000      282.867      358.320
      19.960        0.000      288.328      363.508
      19.991        0.000      298.441      373.719
      20.022        0.000      307.215      383.102
      20.053        0.000      318.703      392.965
      20.085        0.000      330.816      406.625
      20.116        0.000      342.246      420.090
      20.147        0.000      348.484      424.980
      20.178        0.000      350.539      425.480
      20.225        0.000      353.336      427.215
      20.257        0.000      352.363      425.934
      20.303        0.000      355.203      428.629
      20.350        0.000      358.742      430.656
      20.395        0.000      359.180      431.094
      20.431        0.000      359.523      431.156
      20.462        0.000      359.992      431.719
      20.493        0.000      361.777      443.016
      20.524        0.000      362.633      444.289
      20.556        0.000      363.340      444.855
      20.587        0.000      363.852      445.172
      20.618        0.000      367.270      445.609
      20.649        0.000      367.777      446.109
      20.681        0.000      368.480      446.750
      20.712        0.000      369.898      447.316
      20.743        0.000      371.242      448.008
      20.774        0.000      373.035      449.379
      20.806        0.000      373.457      449.223
      20.852        0.000      373.523      449.258
      20.884        0.000      373.523      449.258
      20.928        0.000      373.547      449.258
      20.959        0.000      374.016      449.324
      20.991        0.000      375.176      449.762
      21.022        0.000      377.957      452.320
      21.069        0.000      384.012      467.832
      21.116        0.000      384.348      468.086
      21.162        0.000      384.973      468.637
      21.209        0.000      384.984      468.637
      21.241        0.000      384.984      468.637
      21.272        0.000      384.984      468.637
      21.303        0.000      385.168      468.789
      21.334        0.000      385.945      469.727
      21.381        0.000      388.066      471.660
      21.410        0.000      388.785      472.457
      21.445        0.000      390.129      473.434
      21.477        0.000      390.863      473.992
      21.508        0.000      391.520      474.688
      21.539        0.000      393.918      477.605
      21.586        0.000      395.809      479.516
      21.617        0.000      395.176      478.363
      21.648        0.000      395.203      478.379
      21.680        0.000      396.254      479.391
      21.711        0.000      401.461      480.941
      21.742        0.000      405.367      503.598
      21.789        0.000      405.559      503.852
      21.820        0.000      407.836      504.590
      21.851        0.000      411.141      506.480
      21.883        0.000      416.867      507.621
      21.963        0.000      418.777      508.699
      22.019        0.000      420.957      509.781
      22.063        0.000      421.875      511.141
      22.099        0.000      422.621      511.355
      22.143        0.000      423.965      511.508
      22.183        0.000      429.453      518.672
      22.223        0.000      435.672      531.270
      22.267        0.000      436.277      531.863
      22.303        0.000      436.277      531.863
      22.339        0.000      436.332      531.980
      22.387        0.000      436.301      531.918
      22.427        0.000      437.035      532.301
      22.467        0.000      447.633      542.914
      22.507        0.000      454.125      549.375
      22.547        0.000      454.508      549.777
      22.583        0.000      455.562      550.938
      22.619        0.000      456.281      551.621
      22.655        0.000      457.812      553.258
      22.691        0.000      459.176      554.668
      22.727        0.000      460.809      556.316
      22.763        0.000      461.727      557.266
      22.794        0.000      463.621      559.262
      22.826        0.000      466.008      561.730
      22.857        0.000      467.992      563.785
      22.888        0.000      469.684      564.805
      22.919        0.000      470.566      564.820
      22.951        0.000      470.992      565.203
      22.982        0.000      472.824      565.684
      23.013        0.000      475.176      568.234
      23.060        0.000      478.043      570.074
      23.107        0.000      482.617      574.301
      23.138        0.000      481.402      572.707
      23.169        0.000      483.910      574.395
      23.216        0.000      485.949      575.168
      23.247        0.000      481.523      575.809
      23.279        0.000      482.469      575.148
      23.310        0.000      483.051      575.148
      23.341        0.000      484.816      576.230
      23.372        0.000      490.152      576.668
      23.404        0.000      492.938      578.023
      23.435        0.000      496.145      575.000
      23.466        0.000      496.418      575.000
      23.497        0.000      496.418      575.000
      23.528        0.000      496.480      575.004
      23.560        0.000      496.480      575.004
      23.591        0.000      496.480      575.004
      23.622        0.000      496.539      575.008
      23.653        0.000      496.539      575.008
      23.685        0.000      496.539      575.008
      23.716        0.000      496.539      575.008
      23.747        0.000      496.539      575.008
      23.778        0.000      496.570      575.008
      23.810        0.000      497.148      575.027
      23.841        0.000      497.414      575.102
      23.872        0.000      497.414      575.102
      23.903        0.000      497.414      575.102
      23.936        0.000      497.414      575.102
      23.960        0.000      497.414      575.102
      23.991        0.000      497.355      575.211
      24.022        0.000      497.355      575.211
      24.053        0.000      497.355      575.211
      24.085        0.000      497.355      575.211
      24.116        0.000      498.758      672.781
      24.147        0.000      501.535      672.781
      24.178        0.000      505.312      672.781
      24.225        0.000      508.168      672.781
      24.256        0.000      511.094      672.781
      24.288        0.000      514.023      672.781
      24.319        0.000      528.445      672.781
      24.350        0.000      534.895      657.102
      24.381        0.000      536.922      657.102
      24.413        0.000      551.613      654.367
      24.444        0.000      569.070      654.367
      24.475        0.000      587.789      665.332
      24.506        0.000      593.281      670.797
      24.538        0.000      615.156      736.406
      24.569        0.000      637.363      794.387
      24.600        0.000      677.340      794.387
      24.631        0.000      684.672      794.387
      24.663        0.000      684.672      794.387
      24.694        0.000      684.672      794.387
      24.725        0.000      684.672      794.387
      24.756        0.000      687.309      794.387
      24.788        0.000      689.176      794.387
      24.819        0.000      690.977      794.387
      24.850        0.000      693.262      794.387
      24.881        0.000      695.242      794.387
      24.913        0.000      696.812      794.387
      24.944        0.000      698.910      794.387
      24.975        0.000      700.953      794.387
      25.006        0.000      702.699      794.387
      25.037        0.000      703.980      794.387
      25.069        0.000      705.082      794.387
      25.100        0.000      705.777      794.387
      25.131        0.000      705.777      794.387
      25.162        0.000      705.777      794.387
      25.194        0.000      705.777      794.387
      25.225        0.000      705.777      794.387
      25.256        0.000      705.777      794.387
      25.287        0.000      705.777      794.387
      25.319        0.000      705.777      794.387
      25.350        0.000      705.777      794.387
      25.381        0.000      705.777      794.387
      25.412        0.000      705.777      794.387
      25.444        0.000      705.777      794.387
      25.475        0.000      653.379      778.703
      25.506        0.000      653.391      778.703
      25.537        0.000      671.570      778.703
      25.569        0.000      694.703      805.320
      25.600        0.000      706.512      805.320
      25.631        0.000      706.516      805.320
      25.662        0.000      706.516      805.320
      25.694        0.000      653.383      736.406
      25.725        0.000      658.844      778.703
      25.756        0.000      662.953      778.703
      25.787        0.000      679.906      778.703
      25.819        0.000      706.520      805.316
      25.850        0.000      713.727      837.812
      25.881        0.000      729.578      837.812
      25.911        0.000      722.648      832.348
      25.942        0.000      680.367      831.629
      25.975        0.000      694.633      831.629
      26.007        0.000      714.777      831.629
      26.039        0.000      722.934     2590.934
      26.071        0.000      735.176     2621.711
      26.107        0.000      749.543     2631.602
      26.139        0.000      763.871     2631.602
      26.175        0.000      773.293     2631.602
      26.210        0.000      793.125     2637.727
      26.247        0.000      793.801     2637.727
      26.278        0.000      802.625     2639.617
      26.314        0.000      818.777     2639.617
      26.345        0.000      832.789     2639.617
      26.377        0.000      839.566     2639.617
      26.408        0.000      842.059     2639.617
      26.439        0.000      856.730     2639.617
      26.470        0.000      863.902     2639.617
      26.502        0.000      871.484     2639.617
      26.533        0.000      882.324     2639.617
      26.564        0.000      891.508     2639.617
      26.595        0.000      902.031     2639.617
      26.627        0.000      906.051     2639.617
      26.658        0.000      919.094     2639.547
      26.689        0.000      926.438     2639.391
      26.720        0.000      932.102     2639.391
      26.752        0.000      942.254     2639.312
      26.783        0.000      948.742     2639.312
      26.814        0.000      963.617     2639.312
      26.845        0.000      963.629     2639.312
      26.877        0.000      975.848     2639.312
      26.913        0.000      977.031     2639.312
      26.949        0.000      991.395     2639.312
      26.985        0.000      991.805     2639.312
      27.017        0.000      991.840     2639.312
      27.057        0.000      997.293     2639.395
      27.097        0.000     1008.098     2639.395
      27.137        0.000     1016.000     2639.395
      27.173        0.000     1027.656     2639.395
      27.213        0.000     1045.469     2639.395
      27.253        0.000     1056.711     2639.395
      27.285        0.000     1056.809     2639.395
      27.317        0.000     1061.648     2639.395
      27.348        0.000     1072.879     2639.395
      27.379        0.000     1082.516     2639.395
      27.410        0.000     1090.641     2639.395
      27.442        0.000     1098.840     2639.395
      27.473        0.000     1111.770     2639.395
      27.504        0.000     1120.816     2639.395
      27.535        0.000     1126.086     2639.395
      27.567        0.000     1137.074     2639.395
      27.598        0.000     1137.141     2639.395
      27.629        0.000     1147.441     2639.395
      27.660        0.000     1154.375     2639.395
      27.692        0.000     1167.801     2639.395
      27.723        0.000     1176.152     2639.395
      27.754        0.000     1189.977     2639.395
      27.785        0.000     1194.301     2639.395
      27.816        0.000     1205.871     2639.395
      27.848        0.000     1207.535     2639.395
      27.879        0.000     1217.090     2639.395
      27.910        0.000     1227.902     2639.395
      27.941        0.000     1238.250     2639.395
      27.973        0.000     1243.934     2639.395
      28.004        0.000     1252.746     2639.395
      28.035        0.000     1262.262     2639.395
      28.066        0.000     1266.441     2639.395
      28.098        0.000     1277.207     2639.395
      28.129        0.000     1284.266     2639.395
      28.160        0.000     1291.812     2639.395
      28.191        0.000     1300.656     2639.395
      28.223        0.000     1310.309     2639.395
      28.254        0.000     1315.973     2639.395
      28.285        0.000     1323.172     2639.121
      28.316        0.000     1330.883     2639.121
      28.348        0.000     1340.250     2639.121
      28.394        0.000     1349.613     2639.121
      28.426        0.000     1350.434     2639.121
      28.457        0.000     1357.477     2639.121
      28.488        0.000     1358.957     2639.121
      28.524        0.000     1369.367     2639.121
      28.556        0.000     1381.992     2639.121
      28.587        0.000     1393.680     2639.121
      28.618        0.000     1397.113     2639.121
      28.649        0.000     1404.219     2639.121
      28.681        0.000     1419.980     2639.121
      28.712        0.000     1420.000     2639.121
      28.743        0.000     1420.000     2639.121
      28.774        0.000     1420.000     2639.121
      28.806        0.000     1441.555     2639.121
      28.837        0.000     1443.895     2639.121
      28.868        0.000     1443.895     2639.121
      28.899        0.000     1444.164     2639.121
      28.940        0.000     1461.926     2639.121
      28.971        0.000     1472.062     2639.121
      29.002        0.000     1474.391     2639.121
      29.033        0.000     1474.391     2639.121
      29.080        0.000     1474.391     2639.121
      29.111        0.000     1474.543     2639.121
      29.143        0.000     1474.828     2639.121
      29.174        0.000     1474.828     2639.121
      29.205        0.000     1474.812     2639.148
      29.236        0.000     1474.812     2639.148
      29.268        0.000     1486.941     2639.148
      29.299        0.000     1499.926     2639.148
      29.330        0.000     1491.188     2639.148
      29.377        0.000     1491.188     2639.148
      29.424        0.000     1491.211     2639.148
      29.455        0.000     1491.242     2639.148
      29.486        0.000     1491.242     2639.148
      29.518        0.000     1491.246     2639.148
      29.549        0.000     1491.301     2639.148
      29.580        0.000     1491.336     2639.336
      29.611        0.000     1498.430     2639.336
      29.643        0.000     1517.754     2639.336
      29.674        0.000     1517.871     2639.336
      29.705        0.000     1517.871     2639.336
      29.736        0.000     1517.922     2639.336
      29.783        0.000     1517.922     2639.336
      29.814        0.000     1517.922     2639.336
      29.846        0.000     1517.938     2639.336
      29.893        0.000     1518.219     2639.688
      29.924        0.000     1541.859     2639.688
      29.955        0.000     1552.039     2638.547
      29.986        0.000     1554.902     2638.547
      30.017        0.000     1554.902     2638.547
      30.049        0.000     1554.902     2638.547
      30.096        0.000     1554.914     2638.547
      30.127        0.000     1554.930     2638.547
      30.158        0.000     1554.977     2638.547
      30.205        0.000     1555.098     2638.547
      30.252        0.000     1555.098     2638.547
      30.392        0.000     1554.949     2638.547
      30.439        0.000     1554.973     2638.547
      30.470        0.000     1553.668     2638.637
      30.532        0.000     1555.125     2638.730
      30.613        0.000     1585.988     2638.730
      30.671        0.000     1586.387     2638.730
      30.712        0.000     1586.387     2638.730
      30.752        0.000     1586.387     2638.730
      30.792        0.000     1586.445     2638.730
      30.833        0.000     1586.445     2638.730
      30.873        0.000     1586.445     2638.730
      30.913        0.000     1586.656     2638.969
      30.953        0.000     1587.605     2638.969
      30.994        0.000     1599.602     2638.969
      31.034        0.000     1609.891     2638.969
      31.074        0.000     1619.062     2638.969
      31.115        0.000     1630.301     2638.969
      31.155        0.000     1640.871     2638.969
      31.195        0.000     1649.191     2638.969
      31.235        0.000     1660.324     2638.969
      31.276        0.000     1669.777     2638.969
      31.316        0.000     1680.488     2638.969
      31.356        0.000     1685.633     2638.969
      31.396        0.000     1690.258     2638.969
      31.437        0.000     1699.215     2638.969
      31.477        0.000     1712.875     2638.969
      31.517        0.000     1712.875     2638.969
      31.558        0.000     1712.875     2638.969
      31.598        0.000     1720.453     2638.969
      31.638        0.000     1736.730     2638.969
      31.678        0.000     1745.117     2638.969
      31.719        0.000     1756.609     2638.969
      31.759        0.000     1772.438     2638.969
      31.799        0.000     1783.668     2638.969
      31.839        0.000     1783.668     2638.969
      31.880        0.000     1796.598     2638.969
      31.914        0.000     1804.242     2638.969
      31.952        0.000     1819.137     2638.969
      31.993        0.000     1828.031     2638.969
      32.033        0.000     1841.520     2638.969
      32.073        0.000     1853.125     2638.969
      32.114        0.000     1863.344     2638.969
      32.174        0.000     1878.598     2638.969
      32.214        0.000     1878.609     2638.969
      32.255        0.000     1880.621     2638.969
      32.295        0.000     1891.961     2638.969
      32.335        0.000     1904.727     2638.969
      32.375        0.000     1907.988     2638.969
      32.416        0.000     1917.918     2638.969
      32.456        0.000     1929.520     2638.969
      32.496        0.000     1938.340     2638.969
      32.536        0.000     1946.145     2638.969
      32.577        0.000     1955.641     2638.969
      32.617        0.000     1960.621     2638.969
      32.657        0.000     1960.211     2638.969
      32.697        0.000     1965.570     2638.969
      32.738        0.000     1973.742     2638.969
      32.778        0.000     1976.723     2638.969
      32.818        0.000     1984.539     2638.969
      32.858        0.000     1986.426     2638.969
      32.898        0.000     1994.367     2638.969
      32.939        0.000     1990.859     2638.969
      32.979        0.000     1988.008     2638.969
      33.019        0.000     1983.590     2638.969
      33.060        0.000     1991.418     2638.969
      33.100        0.000     1995.305     2638.969
      33.140        0.000     1979.301     2638.969
      33.180        0.000     1973.871     2638.969
      33.221        0.000     1949.258     2638.969
      33.261        0.000     1921.059     2638.969
      33.301        0.000     1900.594     2638.969
      33.342        0.000     1881.680     2638.969
      33.382        0.000     1858.566     2638.969
      33.422        0.000     1834.590     2638.969
      33.462        0.000     1818.926     2638.969
      33.503        0.000     1804.484     2638.969
      33.543        0.000     1786.680     2638.969
      33.583        0.000     1765.570     2638.969
      33.623        0.000     1746.766     2638.969
      33.663        0.000     1706.398     2638.969
      33.724        0.000     1706.398     2638.969
      33.784        0.000     1692.113     2638.969
      33.844        0.000     1654.641     2638.969
      33.905        0.000     1654.641     2638.969
      33.965        0.000     1654.641     2638.969
      34.028        0.000     1622.887     2638.969
      34.086        0.000     1639.238     2638.969
      34.146        0.000     1639.238     2638.969
      34.207        0.000     1639.238     2638.969
      34.267        0.000     1639.238     2638.969
      34.327        0.000     1665.605     2638.969
      34.388        0.000     1665.609     2638.969
      34.428        0.000     1665.617     2638.969
      34.488        0.000     1665.617     2638.969
      34.551        0.000     1665.617     2638.969
      34.609        0.000     1665.617     2638.969
      34.669        0.000     1665.617     2638.969
      34.732        0.000     1687.570     2638.969
      34.790        0.000     1693.141     2638.969
      34.850        0.000     1693.141     2638.969
      34.911        0.000     1693.145     2638.969
      34.954        0.000     1693.145     2638.969
      35.002        0.000     1693.145     2638.969
      35.054        0.000     1693.145     2638.969
      35.102        0.000     1693.145     2638.969
      35.150        0.000     1693.145     2638.969
      35.202        0.000     1693.145     2638.969
      35.274        0.000     1722.430     2638.969
      35.336        0.000     1722.434     2638.969
      35.415        0.000     1722.434     2638.969
      35.497        0.000     1722.434     2638.969
      35.556        0.000     1722.434     2638.969
      35.596        0.000     1722.363     2639.094
      35.636        0.000     1730.191     2639.094
      35.677        0.000     1751.227     2639.094
      35.718        0.000     1751.277     2639.094
      35.758        0.000     1751.277     2639.094
      35.798        0.000     1751.277     2639.094
      35.838        0.000     1751.277     2639.094
      35.879        0.000     1751.277     2639.094
      35.919        0.000     1751.289     2639.094
      35.959        0.000     1751.371     2639.164
      36.000        0.000     1781.027     2639.164
      36.040        0.000     1839.539     2639.164
      36.080        0.000     1883.805     2639.164
      36.120        0.000     1914.309     2641.160
      36.161        0.000     1914.309     2641.160
      36.221        0.000     1914.309     2641.160
      36.261        0.000     1914.309     2641.160
      36.302        0.000     1914.309     2641.160
      36.342        0.000     1914.309     2641.160
      36.382        0.000     1915.398     2641.160
      36.423        0.000     1915.398     2641.160
      36.463        0.000     1915.398     2641.160
      36.503        0.000     1915.496     2641.160
      36.544        0.000     1917.930     2641.160
      36.584        0.000     1923.441     2641.160
      36.624        0.000     1923.441     2641.160
      36.664        0.000     1923.441     2641.160
      36.705        0.000     1923.441     2641.160
      36.745        0.000     1923.441     2641.160
      36.786        0.000     1923.449     2641.160
      36.826        0.000     1923.449     2641.160
      36.867        0.000     1923.449     2641.160
      36.907        0.000     1923.449     2641.160
      36.947        0.000     1924.641     2641.160
      36.987        0.000     1924.953     2641.160
      37.028        0.000     1875.840     2641.160
      37.088        0.000     1886.977     2641.160
      37.128        0.000     1886.977     2641.160
      37.189        0.000     1886.977     2641.160
      37.269        0.000     1886.977     2641.160
      37.310        0.000     1886.977     2641.160
      37.350        0.000     1886.977     2641.160
      37.390        0.000     1886.977     2641.160
      37.430        0.000     1886.977     2641.160
      37.471        0.000     1886.977     2641.160
      37.511        0.000     1886.977     2641.160
      37.551        0.000     1886.977     2641.160
      37.591        0.000     1803.934     2487.195
      37.632        0.000     1841.312     2487.195
      37.672        0.000     1841.504     2498.133
      37.718        0.000     1861.164     2498.133
      37.749        0.000     1866.629     2498.133
      37.780        0.000     1869.297     2498.133
      37.818        0.000     1869.746     2498.133
      37.865        0.000     1869.746     2498.133
      37.896        0.000     1869.746     2498.133
      37.934        0.000     1869.754     2498.133
      37.996        0.000     1869.754     2498.133
      38.034        0.000     1869.754     2498.133
      38.081        0.000     1869.754     2498.133
      38.133        0.000     1869.754     2498.133
      38.174        0.000     1604.941     2452.102
      38.214        0.000     1288.941     2452.102
      38.254        0.000      992.941     2452.102
      38.295        0.000      628.250     2452.102
      38.335        0.000      353.215     2452.102
      38.376        0.000      142.047      724.391
      38.416        0.000      146.008      724.391
      38.456        0.000      154.918      726.379
      38.496        0.000      165.051      805.508
      38.536        0.000      218.184      805.508
      38.577        0.000      254.766      805.508
      38.617        0.000      290.164      805.508
      38.657        0.000      288.719      805.508
      38.697        0.000      237.789      726.379
      38.738        0.000      238.871      726.379
      38.769        0.000      243.258      726.379
      38.800        0.000      245.723      726.379
      38.832        0.000      229.242      726.379
      38.853        0.000      151.242      630.852
      38.885        0.000      153.340      630.852
      38.916        0.000      155.629      630.852
      38.948        0.000      156.852      630.852
      38.972        0.000      160.109      630.852
      39.003        0.000      164.699      630.852
      39.034        0.000      169.363      630.852
      39.056        0.000      172.605      630.852
      39.087        0.000      176.355      630.852
      39.119        0.000      179.785      630.852
      39.156        0.000      184.180      630.852
      39.188        0.000      187.809      630.852
      39.219        0.000      191.254      630.852
      39.257        0.000      195.180      630.852
      39.288        0.000      197.551      630.852
      39.319        0.000      200.051      630.852
      39.357        0.000      203.582      630.852
      39.393        0.000      206.531      630.852
      39.421        0.000      208.473      630.852
      39.457        0.000      212.227      630.852
      39.488        0.000      216.223      631.113
      39.519        0.000      220.164      631.113
      39.557        0.000      223.680      631.113
      39.588        0.000      226.977      631.113
      39.620        0.000      232.285      631.113
      39.657        0.000      237.227      631.082
      39.688        0.000      244.988      630.969
      39.720        0.000      254.406      632.297
      39.757        0.000      257.922      633.027
      39.789        0.000      259.875      633.340
      39.820        0.000      261.645      633.527
      39.858        0.000      262.262      633.793
      39.889        0.000      262.344      633.793
      39.924        0.000      262.344      633.793
      39.956        0.000      262.344      633.793
      39.984        0.000      263.109      633.859
      40.016        0.000      263.789      634.320
      40.052        0.000      264.363      634.383
      40.088        0.000      264.363      634.383
      40.120        0.000      264.363      634.383
      40.152        0.000      264.668      634.699
      40.184        0.000      266.055      635.719
      40.216        0.000      266.758      636.184
      40.252        0.000      266.801      636.184
      40.284        0.000      266.801      636.184
      40.316        0.000      266.801      636.184
      40.347        0.000      266.840      636.184
      40.380        0.000      266.840      636.184
      40.411        0.000      266.840      636.184
      40.442        0.000      266.840      636.184
      40.464        0.000      267.836      636.395
      40.495        0.000      269.949      606.277
      40.526        0.000      279.176      606.277
      40.564        0.000      297.301      606.277
      40.595        0.000      299.586      606.242
      40.642        0.000      300.324      606.242
      40.682        0.000      300.637      606.367
      40.722        0.000      300.637      606.367
      40.762        0.000      300.637      606.367
      40.793        0.000      300.637      606.367
      40.824        0.000      300.691      606.367
      40.865        0.000      300.691      606.367
      40.896        0.000      300.691      606.367
      40.928        0.000      300.691      606.367
      40.966        0.000      300.691      606.367
      40.997        0.000      300.688      606.367
      41.028        0.000      300.695      606.367
      41.066        0.000      300.695      606.367
      41.098        0.000      300.695      606.367
      41.129        0.000      300.695      606.367
      41.156        0.000      300.695      606.367
      41.176        0.000      300.695      606.367
      41.223        0.000      300.730      606.367
      41.254        0.000      300.730      606.367
      41.285        0.000      300.730      606.367
      41.316        0.000      300.730      606.367
      41.348        0.000      300.730      606.367
      41.379        0.000      300.730      606.367
      41.410        0.000      300.730      606.367
      41.441        0.000      300.730      606.367
      41.473        0.000      300.730      606.367
      41.504        0.000      300.730      606.367
      41.535        0.000      300.730      606.367
      41.566        0.000      300.730      606.367
      41.598        0.000      300.730      606.367
      41.626        0.000      300.730      606.367
      41.652        0.000      300.730      606.367
      41.677        0.000      300.844      606.336
      41.708        0.000      301.250      606.320
      41.739        0.000      301.250      606.320
      41.770        0.000      301.250      606.320
      41.802        0.000      301.266      606.203
      41.833        0.000      301.266      606.203
      41.864        0.000      301.266      606.203
      41.895        0.000      301.266      606.203
      41.927        0.000      301.266      606.203
      41.958        0.000      301.266      606.203
      41.989        0.000      301.266      606.203
      42.020        0.000      301.266      606.203
      42.051        0.000      301.266      606.203
      42.083        0.000      301.266      606.203
      42.114        0.000      301.266      606.203
      42.146        0.000      301.266      606.203
      42.178        0.000      301.266      606.203
      42.225        0.000      301.266      606.203
      42.256        0.000      301.266      606.203
      42.287        0.000      301.371      606.172
      42.318        0.000      302.738      606.172
      42.349        0.000      305.910      606.172
      42.380        0.000      310.844      606.172
      42.412        0.000      311.992      606.172
      42.443        0.000      308.539      595.660
      42.474        0.000      310.121      595.707
      42.505        0.000      318.738      595.707
      42.537        0.000      329.375      595.707
      42.568        0.000      341.605      595.707
      42.599        0.000      356.586      595.707
      42.630        0.000      369.027      595.707
      42.675        0.000      363.547      582.367
      42.706        0.000      365.285      582.426
      42.737        0.000      366.129      582.438
      42.769        0.000      362.508      576.832
      42.800        0.000      363.648      578.668
      42.831        0.000      357.223      568.133
      42.862        0.000      358.434      568.348
      42.894        0.000      358.434      568.348
      42.925        0.000      358.828      568.348
      42.956        0.000      359.770      569.043
      42.987        0.000      360.871      570.973
      43.018        0.000      353.430      560.133
      43.050        0.000      349.723      551.484
      43.081        0.000      350.855      551.750
      43.112        0.000      333.484      529.559
      43.150        0.000      332.031      527.051
      43.194        0.000      293.180      498.457
      43.241        0.000       72.625      124.891
      43.288        0.000        2.621        2.074
