# Elapsed time   CPU (%)     Real (MB)   Virtual (MB)
       0.000        0.000        9.043        4.695
       0.030        0.000       16.922       26.469
       0.072        0.000       22.035       12.199
       0.107        0.000       30.668       12.844
       0.137        0.000       35.004       13.418
       0.170        0.000       36.086       16.031
       0.200        0.000       39.285       16.473
       0.230        0.000       39.484       16.473
       0.260        0.000       39.168       16.473
       0.290        0.000       39.492       16.473
       0.319        0.000       39.203       16.473
       0.350        0.000       39.484       16.473
       0.381        0.000       38.941       16.473
       0.415        0.000       39.496       16.473
       0.450        0.000       38.965       16.457
       0.482        0.000       38.965       16.457
       0.511        0.000       42.188       25.031
       0.548        0.000       44.672       65.234
       0.580        0.000       46.711       64.219
       0.609        0.000       48.914       35.238
       0.644        0.000       58.254       29.465
       0.674        0.000       63.469       31.438
       0.710        0.000       63.969       31.949
       0.741        0.000       64.227       32.328
       0.778        0.000       64.203       31.676
       0.815        0.000       64.379       32.609
       0.847        0.000       64.891       32.965
       0.879        0.000       64.938       32.453
       0.912        0.000       65.340       33.172
       0.947        0.000       65.227       33.398
       0.981        0.000       65.273       32.852
       1.016        0.000       65.621       33.430
       1.047        0.000       65.691       33.117
       1.080        0.000       66.188       33.707
       1.113        0.000       69.746       33.992
       1.149        0.000       75.988       37.258
       1.183        0.000       77.602       38.613
       1.214        0.000       77.734       38.758
       1.246        0.000       77.770       38.781
       1.275        0.000       77.898       38.926
       1.307        0.000       77.902       38.926
       1.338        0.000       79.684       39.852
       1.371        0.000       79.840       40.008
       1.402        0.000       80.102       40.234
       1.433        0.000       87.625       45.336
       1.469        0.000       95.309       49.625
       1.505        0.000      101.414       55.387
       1.543        0.000      106.660       60.742
       1.582        0.000      112.875       65.441
       1.621        0.000      120.125       76.562
       1.660        0.000      127.332       83.559
       1.696        0.000      133.629       89.910
       1.735        0.000      140.277       96.465
       1.774        0.000      145.488      101.719
       1.811        0.000      152.496      108.789
       1.846        0.000      159.273      115.648
       1.900        0.000      167.332      123.305
       1.949        0.000      174.598      130.574
       1.984        0.000      174.598      130.574
       2.015        0.000      174.887      130.859
       2.046        0.000      174.887      130.859
       2.075        0.000      174.922      130.895
       2.105        0.000      175.125      131.105
       2.135        0.000      175.523      131.527
       2.165        0.000      176.121      132.113
       2.196        0.000      176.121      132.113
       2.226        0.000      176.129      132.113
       2.255        0.000      176.336      132.328
       2.284        0.000      176.336      132.328
       2.315        0.000      176.473      132.469
       2.345        0.000      176.742      132.785
       2.376        0.000      176.742      132.785
       2.406        0.000      176.742      132.785
       2.436        0.000      176.742      132.785
       2.467        0.000      176.742      132.785
       2.497        0.000      177.332      133.555
       2.529        0.000      177.457      133.555
       2.559        0.000      177.531      133.629
       2.589        0.000      177.598      133.703
       2.619        0.000      177.598      133.703
       2.650        0.000      177.605      133.703
       2.680        0.000      177.793      133.840
       2.710        0.000      177.930      133.977
       2.741        0.000      178.016      134.051
       2.771        0.000      178.055      134.051
       2.801        0.000      178.160      134.160
       2.831        0.000      178.453      134.461
       2.862        0.000      178.520      134.527
       2.891        0.000      178.652      134.664
       2.922        0.000      178.652      134.664
       2.953        0.000      178.688      134.699
       2.983        0.000      179.016      135.047
       3.014        0.000      179.023      135.047
       3.044        0.000      179.023      135.047
       3.074        0.000      179.605      135.676
       3.104        0.000      179.672      135.750
       3.135        0.000      179.672      135.750
       3.165        0.000      179.672      135.750
       3.196        0.000      180.199      136.285
       3.226        0.000      180.273      136.359
       3.257        0.000      180.402      136.500
       3.288        0.000      180.402      136.500
       3.319        0.000      180.660      136.773
       3.350        0.000      181.848      137.984
       3.381        0.000      182.406      138.539
       3.415        0.000      183.215      139.336
       3.448        0.000      185.125      141.332
       3.478        0.000      186.473      142.746
       3.508        0.000      187.414      143.680
       3.537        0.000      189.656      147.223
       3.566        0.000      191.387      148.367
       3.596        0.000      193.105      149.520
       3.625        0.000      194.625      150.418
       3.655        0.000      198.465      152.441
       3.684        0.000      202.062      154.594
       3.713        0.000      206.859      157.203
       3.742        0.000      212.066      161.336
       3.772        0.000      217.762      197.762
       3.803        0.000      223.750      297.031
       3.833        0.000      226.973      313.379
       3.863        0.000      227.801      313.426
       3.893        0.000      228.082      313.426
       3.925        0.000      228.508      313.426
       3.955        0.000      228.871      313.426
       3.985        0.000      229.258      313.426
       4.015        0.000      229.570      313.426
       4.046        0.000      235.211      316.195
       4.089        0.000      236.770      316.684
       4.125        0.000      238.582      317.348
       4.154        0.000      238.582      317.348
       4.189        0.000      238.898      317.715
       4.218        0.000      247.285      321.887
       4.296        0.000      251.535      322.469
       4.333        0.000      251.535      322.469
       4.361        0.000      251.574      322.504
       4.391        0.000      251.602      322.504
       4.421        0.000      251.602      322.504
       4.450        0.000      252.992      322.637
       4.487        0.000      252.992      322.637
       4.517        0.000      252.992      322.637
       4.554        0.000      257.590      325.566
       4.618        0.000      258.715      326.352
       4.650        0.000      259.547      327.512
       4.686        0.000      258.133      325.637
       4.716        0.000      258.160      325.664
       4.746        0.000      258.543      325.723
       4.778        0.000      258.543      325.723
       4.807        0.000      262.031      326.953
       4.871        0.000      262.957      327.289
       4.911        0.000      262.344      326.797
       4.950        0.000      262.348      326.797
       4.979        0.000      262.348      326.797
       5.009        0.000      263.113      327.672
       5.055        0.000      264.820      330.402
       5.093        0.000      265.324      331.125
       5.122        0.000      265.344      331.125
       5.156        0.000      265.344      331.125
       5.185        0.000      265.359      331.125
       5.219        0.000      265.320      331.043
       5.249        0.000      265.320      331.043
       5.278        0.000      265.320      331.043
       5.307        0.000      265.320      331.043
       5.336        0.000      265.441      331.191
       5.365        0.000      267.066      333.445
       5.396        0.000      267.066      333.445
       5.430        0.000      267.066      333.445
       5.467        0.000      269.332      336.516
       5.505        0.000      274.152      341.660
       5.548        0.000      275.977      343.586
       5.589        0.000      272.879      341.219
       5.619        0.000      272.879      341.219
       5.648        0.000      272.879      341.219
       5.677        0.000      272.879      341.219
       5.707        0.000      274.465      343.789
       5.740        0.000      278.102      350.102
       5.777        0.000      280.449      353.844
       5.810        0.000      281.797      356.996
       5.845        0.000      285.973      358.777
       5.883        0.000      298.543      374.145
       5.919        0.000      309.172      383.992
       5.957        0.000      321.453      397.781
       5.987        0.000      333.703      411.375
       6.017        0.000      345.844      421.027
       6.046        0.000      349.793      425.719
       6.094        0.000      352.535      426.918
       6.140        0.000      353.922      427.852
       6.177        0.000      354.859      428.539
       6.221        0.000      355.449      428.977
       6.262        0.000      358.523      431.613
       6.300        0.000      358.812      432.051
       6.340        0.000      359.223      432.363
       6.377        0.000      360.945      442.969
       6.419        0.000      362.820      444.566
       6.456        0.000      362.160      443.789
       6.492        0.000      365.988      444.355
       6.532        0.000      366.395      444.793
       6.568        0.000      366.906      445.293
       6.598        0.000      367.652      445.938
       6.635        0.000      372.031      447.289
       6.671        0.000      373.980      448.699
       6.707        0.000      379.109      462.961
       6.755        0.000      379.426      463.324
       6.788        0.000      379.426      463.324
       6.819        0.000      379.426      463.324
       6.848        0.000      379.469      463.324
       6.880        0.000      379.836      463.824
       6.922        0.000      380.570      464.453
       6.959        0.000      381.121      464.953
       6.994        0.000      381.441      465.145
       7.030        0.000      381.707      465.586
       7.066        0.000      382.059      465.758
       7.104        0.000      382.211      465.941
       7.142        0.000      383.621      467.625
       7.175        0.000      384.430      468.285
       7.207        0.000      387.883      471.992
       7.262        0.000      390.730      474.758
       7.302        0.000      392.527      476.219
       7.339        0.000      389.430      473.180
       7.375        0.000      391.363      474.930
       7.411        0.000      392.449      476.145
       7.443        0.000      393.262      476.953
       7.479        0.000      394.582      478.039
       7.524        0.000      397.648      481.434
       7.567        0.000      396.262      480.012
       7.599        0.000      396.656      480.270
       7.631        0.000      401.512      480.965
       7.662        0.000      402.227      481.512
       7.693        0.000      406.578      504.160
       7.745        0.000      407.195      504.664
       7.778        0.000      410.930      505.891
       7.812        0.000      416.086      507.191
       7.877        0.000      418.953      508.383
       7.940        0.000      420.309      508.750
       7.996        0.000      422.027      510.699
       8.036        0.000      423.035      511.145
       8.078        0.000      423.922      511.156
       8.120        0.000      426.496      516.668
       8.162        0.000      435.375      530.406
       8.209        0.000      436.000      531.020
       8.245        0.000      436.156      531.234
       8.285        0.000      436.156      531.234
       8.324        0.000      436.258      531.297
       8.360        0.000      436.430      531.484
       8.394        0.000      441.848      536.578
       8.433        0.000      452.176      546.930
       8.475        0.000      454.910      549.672
       8.511        0.000      455.234      550.004
       8.545        0.000      455.418      550.152
       8.580        0.000      457.062      551.918
       8.618        0.000      458.434      553.355
       8.654        0.000      459.703      554.637
       8.689        0.000      460.977      556.004
       8.720        0.000      462.730      557.824
       8.752        0.000      464.676      559.785
       8.783        0.000      466.656      561.809
       8.813        0.000      467.824      563.090
       8.847        0.000      469.383      563.820
       8.881        0.000      470.246      563.836
       8.915        0.000      470.922      564.285
       8.947        0.000      474.047      566.109
       9.003        0.000      477.164      568.805
       9.045        0.000      481.773      572.645
       9.087        0.000      484.832      575.020
       9.127        0.000      483.824      572.848
       9.160        0.000      485.660      573.316
       9.196        0.000      485.324      572.055
       9.228        0.000      493.492      585.074
       9.262        0.000      493.367      584.012
       9.294        0.000      496.180      585.043
       9.327        0.000      500.668      585.090
       9.362        0.000      502.559      582.398
       9.396        0.000      504.078      582.777
       9.430        0.000      504.246      582.777
       9.460        0.000      504.824      597.320
       9.492        0.000      504.848      583.359
       9.521        0.000      504.848      583.359
       9.550        0.000      504.848      583.359
       9.579        0.000      504.848      583.359
       9.609        0.000      504.848      583.359
       9.639        0.000      505.168      583.359
       9.670        0.000      506.113      584.051
       9.700        0.000      506.113      584.051
       9.729        0.000      506.113      584.051
       9.758        0.000      506.113      584.051
       9.787        0.000      506.113      584.051
       9.816        0.000      508.543      618.969
       9.850        0.000      514.320      618.969
       9.883        0.000      522.367      612.266
       9.917        0.000      526.008      612.266
       9.949        0.000      529.672      612.375
       9.980        0.000      533.309      612.375
      10.010        0.000      537.191      615.121
      10.045        0.000      556.305      642.297
      10.081        0.000      556.914      642.297
      10.114        0.000      558.293      642.297
      10.147        0.000      559.547      642.297
      10.181        0.000      545.508      635.590
      10.212        0.000      558.211      643.379
      10.243        0.000      557.551      643.379
      10.274        0.000      556.465      654.406
      10.306        0.000      563.637     1028.801
      10.335        0.000      575.129     1055.312
      10.369        0.000      589.262     1055.312
      10.409        0.000      602.828     1065.512
      10.447        0.000      612.668     1065.512
      10.485        0.000      621.738     1065.512
      10.521        0.000      633.000     1070.711
      10.555        0.000      641.660     1070.711
      10.593        0.000      650.945     1070.711
      10.630        0.000      660.188     1071.688
      10.663        0.000      670.016     1071.820
      10.703        0.000      676.320     1071.820
      10.744        0.000      676.348     1071.820
      10.777        0.000      686.734     1072.312
      10.813        0.000      695.570     1072.312
      10.852        0.000      701.930     1072.312
      10.886        0.000      716.301     1072.312
      10.922        0.000      729.477     1072.312
      10.962        0.000      740.805     1072.312
      10.996        0.000      750.434     1072.312
      11.034        0.000      760.043     1072.312
      11.075        0.000      768.613     1072.312
      11.115        0.000      777.875     1072.312
      11.154        0.000      787.000     1072.312
      11.197        0.000      790.070     1072.312
      11.238        0.000      793.117     1072.312
      11.276        0.000      801.246     1072.312
      11.320        0.000      806.844     1072.312
      11.358        0.000      812.312     1072.312
      11.399        0.000      818.328     1072.312
      11.438        0.000      829.680     1072.312
      11.475        0.000      846.367     1072.336
      11.525        0.000      852.152     1072.336
      11.565        0.000      852.449     1072.336
      11.604        0.000      852.449     1072.336
      11.639        0.000      860.762     1072.336
      11.675        0.000      864.648     1072.352
      11.715        0.000      875.059     1072.352
      11.748        0.000      875.066     1072.352
      11.790        0.000      882.984     1072.523
      11.826        0.000      869.055     1072.523
      11.859        0.000      856.324     1072.523
      11.888        0.000      845.133     1072.523
      11.918        0.000      834.676     1072.523
      11.948        0.000      823.480     1072.523
      11.978        0.000      813.855     1072.523
      12.008        0.000      803.008     1072.523
      12.039        0.000      795.762     1072.523
      12.072        0.000      796.609     1072.523
      12.114        0.000      787.371     1073.637
      12.162        0.000      783.113     1073.637
      12.202        0.000      783.250     1073.637
      12.251        0.000      783.598     1073.637
      12.291        0.000      783.598     1073.637
      12.334        0.000      784.289     1073.637
      12.381        0.000      786.059     1073.637
      12.433        0.000      786.070     1073.637
      12.474        0.000      786.070     1073.637
      12.513        0.000      786.086     1073.637
      12.562        0.000      786.254     1073.590
      12.648        0.000      752.457     1016.988
      12.754        0.000      752.988     1016.988
      12.796        0.000      752.996     1016.988
      12.837        0.000      637.168     1012.672
      12.873        0.000      405.809      668.520
      12.907        0.000      412.676      670.512
      12.943        0.000      414.164      670.512
      12.975        0.000      388.973      642.602
      13.006        0.000      393.715      642.602
      13.039        0.000      399.188      642.602
      13.070        0.000      404.438      642.602
      13.100        0.000      409.336      642.602
      13.132        0.000      413.801      642.602
      13.162        0.000      416.781      642.602
      13.192        0.000      417.418      642.602
      13.222        0.000      417.766      642.602
      13.253        0.000      418.062      642.602
      13.284        0.000      418.137      642.602
      13.314        0.000      418.180      642.602
      13.343        0.000      418.199      642.602
      13.375        0.000      418.238      642.602
      13.404        0.000      418.559      642.602
      13.435        0.000      422.375      642.457
      13.469        0.000      427.203      642.562
      13.506        0.000      429.027      643.336
      13.539        0.000      430.152      643.664
      13.575        0.000      433.211      613.691
      13.609        0.000      429.570      603.219
      13.643        0.000      434.617      602.500
      13.709        0.000      435.285      602.500
      13.756        0.000      435.285      602.500
      13.789        0.000      435.285      602.500
      13.821        0.000      435.285      602.500
      13.853        0.000      435.285      602.500
      13.884        0.000      435.285      602.500
      13.913        0.000      435.285      602.500
      13.942        0.000      435.289      602.500
      13.972        0.000      435.289      602.500
      14.001        0.000      435.289      602.500
      14.030        0.000      435.289      602.500
      14.059        0.000      435.289      602.500
      14.089        0.000      425.359      594.555
      14.118        0.000      425.359      594.555
      14.147        0.000      425.359      594.555
      14.176        0.000      425.359      594.555
      14.214        0.000      425.359      594.555
      14.243        0.000      425.359      594.555
      14.272        0.000      425.359      594.555
      14.301        0.000      425.359      594.555
      14.330        0.000      425.359      594.555
      14.359        0.000      425.359      594.555
      14.388        0.000      425.359      594.555
      14.417        0.000      425.359      594.555
      14.445        0.000      425.359      594.555
      14.475        0.000      425.359      594.555
      14.504        0.000      425.359      594.555
      14.534        0.000      425.359      594.555
      14.563        0.000      425.359      594.555
      14.592        0.000      425.359      594.555
      14.622        0.000      425.359      594.555
      14.652        0.000      425.359      594.555
      14.682        0.000      425.359      594.555
      14.711        0.000      425.719      594.547
      14.741        0.000      425.719      594.547
      14.771        0.000      425.719      594.547
      14.800        0.000      425.719      594.547
      14.829        0.000      425.672      594.430
      14.858        0.000      425.672      594.430
      14.888        0.000      425.672      594.430
      14.917        0.000      425.672      594.430
      14.947        0.000      425.672      594.430
      14.975        0.000      425.672      594.430
      15.005        0.000      425.672      594.430
      15.035        0.000      425.672      594.430
      15.065        0.000      425.672      594.430
      15.094        0.000      425.672      594.430
      15.123        0.000      425.672      594.430
      15.152        0.000      427.328      594.465
      15.183        0.000      427.688      594.492
      15.217        0.000      419.355      584.355
      15.248        0.000      420.902      584.355
      15.278        0.000      422.754      584.355
      15.309        0.000      423.059      584.355
      15.339        0.000      413.648      573.367
      15.370        0.000      414.414      573.453
      15.401        0.000      415.570      574.715
      15.434        0.000      409.121      566.145
      15.473        0.000      410.051      568.117
      15.511        0.000      410.129      568.117
      15.549        0.000      412.504      569.086
      15.590        0.000      404.914      558.457
      15.630        0.000      401.812      549.488
      15.670        0.000      400.453      544.266
      15.714        0.000      376.594      518.172
      15.754        0.000      348.445      488.426
      15.794        0.000      252.207      355.355
      15.837        0.000        9.098        4.703
