# Elapsed time   CPU (%)     Real (MB)   Virtual (MB)
       0.000        0.000       30.289       12.727
       0.035        0.000       33.820       13.137
       0.069        0.000       37.844       16.262
       0.101        0.000       39.309       16.426
       0.128        0.000       39.477       16.426
       0.158        0.000       39.262       16.426
       0.186        0.000       39.266       16.426
       0.219        0.000       39.203       16.426
       0.247        0.000       38.930       16.426
       0.277        0.000       39.254       16.426
       0.304        0.000       39.043       16.426
       0.333        0.000       38.945       16.410
       0.361        0.000       39.762       16.547
       0.391        0.000       55.535       29.055
       0.430        0.000       60.617       30.012
       0.463        0.000       64.230       32.129
       0.497        0.000       65.355       33.414
       0.529        0.000       67.828       35.711
       0.560        0.000       69.609       37.207
       0.594        0.000       71.336       39.086
       0.628        0.000       72.887       40.430
       0.662        0.000       73.680       41.551
       0.693        0.000       74.516       42.383
       0.725        0.000       75.250       43.148
       0.753        0.000       76.172       44.043
       0.786        0.000       77.320       45.082
       0.821        0.000       78.359       46.375
       0.852        0.000       78.512       46.375
       0.880        0.000       79.840       47.480
       0.914        0.000       83.668       48.230
       0.945        0.000       89.051       50.738
       0.977        0.000       92.312       52.887
       1.007        0.000       97.992       56.156
       1.050        0.000      106.801       61.742
       1.086        0.000      115.219       69.762
       1.128        0.000      119.742       74.203
       1.162        0.000      123.375       76.402
       1.193        0.000      124.898       78.039
       1.230        0.000      130.172       83.367
       1.264        0.000      135.016       92.145
       1.310        0.000      145.156      102.098
       1.348        0.000      154.305      111.199
       1.392        0.000      161.055      118.078
       1.430        0.000      166.957      125.367
       1.464        0.000      171.293      129.531
       1.497        0.000      181.750      138.930
       1.552        0.000      188.883      145.418
       1.591        0.000      193.250      149.391
       1.620        0.000      196.902      151.344
       1.648        0.000      200.613      153.508
       1.675        0.000      204.719      155.684
       1.704        0.000      210.105      159.816
       1.732        0.000      214.273      161.305
       1.760        0.000      222.719      297.266
       1.792        0.000      225.043      312.262
       1.819        0.000      226.336      312.309
       1.847        0.000      226.598      312.309
       1.874        0.000      226.934      312.309
       1.901        0.000      227.309      312.309
       1.929        0.000      227.664      312.309
       1.957        0.000      227.992      312.309
       1.985        0.000      228.289      312.309
       2.018        0.000      233.574      315.039
       2.051        0.000      235.301      315.602
       2.084        0.000      235.305      315.602
       2.120        0.000      235.305      315.602
       2.150        0.000      236.875      316.230
       2.179        0.000      239.043      316.871
       2.235        0.000      243.805      319.391
       2.271        0.000      243.805      319.391
       2.298        0.000      243.805      319.391
       2.327        0.000      246.828      320.199
       2.359        0.000      246.828      320.199
       2.387        0.000      246.828      320.199
       2.414        0.000      251.234      321.309
       2.452        0.000      251.234      321.309
       2.480        0.000      251.234      321.309
       2.521        0.000      257.711      325.918
       2.587        0.000      260.480      327.844
       2.615        0.000      260.668      328.031
       2.644        0.000      261.805      326.859
       2.703        0.000      262.367      327.621
       2.735        0.000      263.742      340.625
       2.786        0.000      263.957      342.105
       2.816        0.000      263.680      340.613
       2.845        0.000      263.699      340.613
       2.874        0.000      263.703      340.613
       2.910        0.000      263.703      340.613
       2.938        0.000      266.074      342.367
       2.973        0.000      266.316      342.367
       3.004        0.000      266.316      342.367
       3.030        0.000      266.316      342.367
       3.056        0.000      266.320      342.367
       3.083        0.000      266.320      342.367
       3.111        0.000      266.340      342.367
       3.138        0.000      266.734      342.582
       3.165        0.000      266.734      342.582
       3.192        0.000      266.879      342.730
       3.219        0.000      266.879      342.730
       3.246        0.000      266.879      342.730
       3.273        0.000      266.879      342.730
       3.300        0.000      266.879      342.730
       3.327        0.000      266.879      342.730
       3.355        0.000      267.750      344.184
       3.387        0.000      268.660      345.164
       3.414        0.000      268.660      345.164
       3.440        0.000      268.660      345.164
       3.473        0.000      270.902      348.156
       3.509        0.000      274.465      352.074
       3.545        0.000      277.199      354.988
       3.579        0.000      274.852      352.355
       3.611        0.000      274.367      352.391
       3.638        0.000      274.367      352.391
       3.665        0.000      274.367      352.391
       3.691        0.000      274.461      352.566
       3.718        0.000      277.336      356.133
       3.751        0.000      279.449      359.996
       3.782        0.000      281.027      362.684
       3.813        0.000      282.250      365.984
       3.842        0.000      284.531      366.914
       3.873        0.000      292.652      372.820
       3.908        0.000      303.852      387.348
       3.943        0.000      313.016      395.785
       3.978        0.000      324.367      405.105
       4.005        0.000      334.551      418.438
       4.041        0.000      346.250      428.289
       4.068        0.000      351.914      433.387
       4.125        0.000      356.152      435.480
       4.167        0.000      359.043      434.754
       4.209        0.000      360.422      435.754
       4.245        0.000      367.723      441.273
       4.292        0.000      368.211      441.648
       4.325        0.000      368.531      442.086
       4.359        0.000      368.941      442.402
       4.397        0.000      369.434      442.965
       4.427        0.000      370.328      443.688
       4.459        0.000      371.180      444.418
       4.492        0.000      372.043      444.984
       4.523        0.000      376.527      470.898
       4.552        0.000      376.988      471.523
       4.582        0.000      377.363      471.773
       4.610        0.000      378.113      472.480
       4.644        0.000      378.590      472.793
       4.673        0.000      379.492      473.734
       4.703        0.000      380.117      474.375
       4.742        0.000      380.277      474.484
       4.774        0.000      380.277      474.484
       4.803        0.000      380.277      474.484
       4.831        0.000      380.289      474.484
       4.859        0.000      380.547      474.672
       4.898        0.000      382.223      474.230
       4.932        0.000      384.797      476.934
       4.969        0.000      385.668      477.848
       5.002        0.000      385.973      478.039
       5.038        0.000      386.426      478.605
       5.097        0.000      388.320      480.613
       5.134        0.000      391.332      483.570
       5.168        0.000      392.715      485.840
       5.204        0.000      393.141      486.332
       5.237        0.000      396.578      489.816
       5.285        0.000      401.492      494.605
       5.316        0.000      402.914      495.746
       5.346        0.000      405.371      498.020
       5.377        0.000      410.988      503.578
       5.409        0.000      414.422      507.086
       5.444        0.000      415.215      507.953
       5.478        0.000      415.906      508.578
       5.512        0.000      421.906      514.621
       5.557        0.000      419.375      512.051
       5.590        0.000      418.965      511.066
       5.621        0.000      415.102      507.531
       5.650        0.000      416.324      508.824
       5.678        0.000      422.309      509.156
       5.707        0.000      423.633      504.992
       5.754        0.000      426.012      504.992
       5.786        0.000      426.785      505.699
       5.815        0.000      429.715      506.379
       5.848        0.000      434.215      507.828
       5.894        0.000      436.711      508.344
       5.935        0.000      439.203      509.688
       5.981        0.000      440.293      510.023
       6.013        0.000      442.277      512.109
       6.044        0.000      443.586      512.938
       6.079        0.000      443.641      512.938
       6.113        0.000      445.668      513.789
       6.146        0.000      452.324      532.047
       6.181        0.000      456.180      532.324
       6.215        0.000      456.973      533.164
       6.246        0.000      456.973      533.164
       6.281        0.000      456.973      533.164
       6.311        0.000      457.160      533.375
       6.347        0.000      457.324      533.500
       6.379        0.000      462.359      538.266
       6.412        0.000      474.645      550.516
       6.445        0.000      475.664      551.574
       6.476        0.000      475.945      551.867
       6.506        0.000      476.695      552.652
       6.538        0.000      478.098      554.074
       6.573        0.000      479.270      555.355
       6.605        0.000      480.598      556.691
       6.637        0.000      481.805      557.914
       6.668        0.000      483.168      559.391
       6.701        0.000      484.738      561.035
       6.729        0.000      486.430      562.695
       6.758        0.000      488.371      564.754
       6.785        0.000      490.043      565.824
       6.814        0.000      491.449      565.961
       6.844        0.000      492.070      566.484
       6.873        0.000      493.824      567.402
       6.910        0.000      496.238      569.777
       6.952        0.000      499.777      572.469
       6.995        0.000      501.965      574.594
       7.029        0.000      485.859      558.289
       7.066        0.000      487.332      559.246
       7.101        0.000      488.273      559.738
       7.135        0.000      485.363      556.961
       7.164        0.000      491.695      558.312
       7.197        0.000      495.859      569.875
       7.230        0.000      497.645      569.875
       7.259        0.000      502.289      582.941
       7.289        0.000      503.051      583.211
       7.319        0.000      504.160      584.145
       7.347        0.000      505.676      584.457
       7.376        0.000      505.926      584.457
       7.404        0.000      506.777      585.406
       7.434        0.000      506.777      585.406
       7.461        0.000      506.777      585.406
       7.490        0.000      506.777      585.406
       7.518        0.000      506.777      585.406
       7.546        0.000      506.777      585.406
       7.574        0.000      506.777      585.406
       7.604        0.000      506.777      585.406
       7.632        0.000      506.777      585.406
       7.663        0.000      506.891      585.406
       7.692        0.000      507.770      586.371
       7.720        0.000      507.770      586.371
       7.747        0.000      507.770      586.371
       7.776        0.000      507.770      586.371
       7.803        0.000      507.770      586.371
       7.830        0.000      507.770      586.371
       7.858        0.000      507.770      586.371
       7.886        0.000      507.707      586.227
       7.914        0.000      507.707      586.227
       7.943        0.000      507.770      586.793
       7.972        0.000      509.949      645.270
       8.000        0.000      515.074      645.270
       8.026        0.000      524.578      645.270
       8.057        0.000      532.496      633.473
       8.088        0.000      535.504      633.473
       8.117        0.000      538.941      633.473
       8.144        0.000      542.371      633.473
       8.171        0.000      545.773      633.473
       8.199        0.000      549.121      633.473
       8.226        0.000      552.480      633.473
       8.253        0.000      556.527      634.422
       8.280        0.000      560.180      638.238
       8.312        0.000      583.652      684.500
       8.341        0.000      592.703      684.500
       8.371        0.000      593.410      684.500
       8.400        0.000      594.734      684.500
       8.429        0.000      596.090      684.500
       8.459        0.000      597.203      684.500
       8.489        0.000      598.098      684.500
       8.523        0.000      579.809      673.180
       8.554        0.000      596.105      686.391
       8.583        0.000      571.629      674.125
       8.615        0.000      592.000      686.391
       8.644        0.000      579.520      705.363
       8.678        0.000      603.848      705.363
       8.715        0.000      611.070     1461.230
       8.745        0.000      626.473     1472.648
       8.777        0.000      641.141     1478.184
       8.813        0.000      657.152     1478.184
       8.849        0.000      667.934     1478.184
       8.886        0.000      680.957     1480.156
       8.925        0.000      694.055     1480.156
       8.959        0.000      709.430     1480.156
       8.993        0.000      714.723     1480.156
       9.024        0.000      720.129     1480.156
       9.054        0.000      731.051     1480.156
       9.087        0.000      737.973     1480.156
       9.124        0.000      745.680     1480.156
       9.154        0.000      749.516     1480.156
       9.193        0.000      767.969     1480.156
       9.231        0.000      768.062     1480.156
       9.269        0.000      784.410     1480.258
       9.305        0.000      806.262     1480.258
       9.335        0.000      807.449     1480.258
       9.365        0.000      811.707     1480.258
       9.398        0.000      811.738     1480.258
       9.437        0.000      812.836     1480.258
       9.470        0.000      813.691     1480.258
       9.508        0.000      813.691     1480.258
       9.538        0.000      813.691     1480.258
       9.568        0.000      813.691     1480.258
       9.598        0.000      813.691     1480.258
       9.627        0.000      828.656     1480.258
       9.658        0.000      828.656     1480.258
       9.696        0.000      828.688     1480.258
       9.734        0.000      828.875     1480.258
       9.771        0.000      839.340     1480.258
       9.807        0.000      852.477     1480.258
       9.840        0.000      867.434     1480.258
       9.877        0.000      875.004     1480.258
       9.914        0.000      882.895     1480.258
       9.950        0.000      898.480     1480.258
       9.985        0.000      907.461     1480.258
      10.018        0.000      920.352     1480.258
      10.049        0.000      924.395     1480.258
      10.080        0.000      931.355     1480.258
      10.117        0.000      937.723     1480.258
      10.153        0.000      940.613     1480.258
      10.184        0.000      954.105     1480.258
      10.217        0.000      966.332     1480.258
      10.254        0.000      977.031     1480.258
      10.289        0.000      989.031     1480.258
      10.325        0.000     1000.539     1480.258
      10.360        0.000     1000.539     1480.258
      10.391        0.000     1000.539     1480.258
      10.427        0.000     1011.922     1480.258
      10.463        0.000     1024.883     1480.258
      10.497        0.000     1034.371     1480.258
      10.532        0.000     1044.816     1480.258
      10.565        0.000     1054.191     1480.258
      10.602        0.000     1057.711     1480.258
      10.632        0.000     1070.637     1480.066
      10.667        0.000     1086.285     1480.066
      10.704        0.000     1097.945     1480.066
      10.740        0.000     1102.492     1480.066
      10.773        0.000     1110.133     1480.887
      10.808        0.000     1116.172     1480.887
      10.846        0.000     1125.719     1480.887
      10.881        0.000     1125.730     1480.887
      10.916        0.000     1125.730     1480.887
      10.948        0.000     1141.449     1480.887
      10.982        0.000     1141.508     1480.887
      11.011        0.000     1141.508     1480.887
      11.042        0.000     1141.508     1480.887
      11.074        0.000     1148.848     1480.887
      11.109        0.000     1159.348     1480.887
      11.143        0.000     1159.391     1480.887
      11.177        0.000     1159.391     1480.887
      11.216        0.000     1159.391     1480.887
      11.250        0.000     1156.883     1480.941
      11.288        0.000     1159.027     1480.941
      11.321        0.000     1175.430     1480.941
      11.354        0.000     1188.141     1480.941
      11.391        0.000     1188.266     1480.941
      11.427        0.000     1188.266     1480.941
      11.466        0.000     1188.512     1480.941
      11.502        0.000     1188.535     1480.941
      11.538        0.000     1188.535     1480.941
      11.573        0.000     1188.535     1480.941
      11.610        0.000     1193.645     1480.941
      11.646        0.000     1200.711     1480.941
      11.683        0.000     1200.711     1480.941
      11.720        0.000     1200.652     1480.996
      11.756        0.000     1228.340     1480.996
      11.786        0.000     1228.340     1480.996
      11.820        0.000     1228.340     1480.996
      11.858        0.000     1228.340     1480.996
      11.896        0.000     1228.375     1480.996
      11.932        0.000     1228.379     1480.996
      11.966        0.000     1228.398     1481.012
      11.997        0.000     1242.719     1481.012
      12.034        0.000     1290.582     1481.914
      12.063        0.000     1306.250     1478.844
      12.095        0.000     1314.195     1478.844
      12.131        0.000     1314.195     1478.844
      12.166        0.000     1314.195     1478.844
      12.202        0.000     1314.195     1478.844
      12.239        0.000     1314.195     1478.844
      12.277        0.000     1314.195     1478.844
      12.312        0.000     1314.195     1478.844
      12.348        0.000     1315.660     1478.844
      12.382        0.000     1317.934     1478.844
      12.417        0.000     1317.934     1478.844
      12.451        0.000     1317.980     1478.844
      12.488        0.000     1317.980     1478.844
      12.524        0.000     1318.266     1478.844
      12.561        0.000     1318.266     1478.844
      12.591        0.000     1318.266     1478.844
      12.621        0.000     1318.266     1478.844
      12.652        0.000     1318.266     1478.844
      12.682        0.000     1318.266     1478.844
      12.712        0.000     1318.266     1478.844
      12.742        0.000     1318.266     1478.844
      12.779        0.000     1318.320     1478.844
      12.816        0.000     1257.199     1387.074
      12.850        0.000     1257.250     1387.074
      12.887        0.000     1257.258     1387.074
      12.938        0.000     1231.945     1379.426
      12.984        0.000      975.945     1379.426
      13.024        0.000      737.945     1379.426
      13.058        0.000      570.766      742.855
      13.092        0.000      610.301      742.855
      13.132        0.000      517.570      645.578
      13.163        0.000      517.832      645.578
      13.191        0.000      518.086      645.578
      13.224        0.000      518.086      645.578
      13.251        0.000      518.340      645.578
      13.279        0.000      518.340      645.578
      13.306        0.000      518.590      645.578
      13.334        0.000      518.715      645.578
      13.362        0.000      518.785      645.578
      13.390        0.000      518.781      645.578
      13.417        0.000      518.781      645.578
      13.445        0.000      518.777      645.578
      13.473        0.000      518.773      645.578
      13.500        0.000      518.773      645.578
      13.527        0.000      518.805      645.434
      13.557        0.000      521.988      648.512
      13.589        0.000      522.508      649.020
      13.618        0.000      523.547      649.824
      13.648        0.000      523.547      649.824
      13.675        0.000      523.547      649.824
      13.704        0.000      523.547      649.824
      13.733        0.000      523.750      649.953
      13.767        0.000      524.113      650.348
      13.799        0.000      524.332      650.410
      13.826        0.000      524.332      650.410
      13.854        0.000      524.332      650.410
      13.883        0.000      524.332      650.410
      13.910        0.000      525.332      651.059
      13.945        0.000      525.586      651.371
      13.975        0.000      525.609      651.371
      14.003        0.000      525.609      651.371
      14.031        0.000      525.609      651.371
      14.059        0.000      525.609      651.371
      14.088        0.000      525.668      651.371
      14.116        0.000      525.668      651.371
      14.143        0.000      525.668      651.371
      14.170        0.000      525.668      651.371
      14.198        0.000      525.836      621.465
      14.229        0.000      515.215      610.480
      14.282        0.000      515.270      610.605
      14.316        0.000      515.223      610.625
      14.347        0.000      515.223      610.625
      14.375        0.000      515.223      610.625
      14.405        0.000      515.223      610.625
      14.433        0.000      515.223      610.625
      14.461        0.000      515.223      610.625
      14.490        0.000      515.223      610.625
      14.517        0.000      515.227      610.625
      14.545        0.000      515.227      610.625
      14.572        0.000      515.227      610.625
      14.609        0.000      515.227      610.625
      14.636        0.000      515.227      610.625
      14.664        0.000      515.227      610.625
      14.693        0.000      515.227      610.625
      14.721        0.000      515.223      610.625
      14.749        0.000      515.223      610.625
      14.777        0.000      515.223      610.625
      14.805        0.000      515.223      610.625
      14.833        0.000      515.223      610.625
      14.861        0.000      515.223      610.625
      14.888        0.000      515.223      610.625
      14.915        0.000      515.223      610.625
      14.943        0.000      515.223      610.625
      14.971        0.000      515.223      610.625
      14.999        0.000      515.223      610.625
      15.026        0.000      515.223      610.625
      15.053        0.000      515.223      610.625
      15.080        0.000      515.223      610.625
      15.107        0.000      515.223      610.625
      15.134        0.000      515.223      610.625
      15.161        0.000      515.223      610.625
      15.190        0.000      515.223      610.625
      15.218        0.000      515.223      610.625
      15.246        0.000      515.223      610.625
      15.273        0.000      515.316      610.672
      15.301        0.000      515.316      610.672
      15.329        0.000      515.316      610.672
      15.356        0.000      515.316      610.672
      15.384        0.000      515.254      610.555
      15.412        0.000      515.254      610.555
      15.440        0.000      515.254      610.555
      15.468        0.000      515.254      610.555
      15.496        0.000      515.254      610.555
      15.523        0.000      515.254      610.555
      15.551        0.000      515.254      610.555
      15.578        0.000      515.254      610.555
      15.606        0.000      515.254      610.555
      15.633        0.000      515.254      610.555
      15.661        0.000      515.254      610.555
      15.689        0.000      515.352      610.523
      15.718        0.000      517.527      610.535
      15.749        0.000      510.488      601.086
      15.778        0.000      510.488      601.086
      15.805        0.000      510.488      601.086
      15.832        0.000      500.398      589.715
      15.860        0.000      500.469      592.398
      15.888        0.000      493.652      582.035
      15.921        0.000      493.652      582.035
      15.956        0.000      475.828      556.664
      15.993        0.000      428.949      517.668
      16.029        0.000      243.316      325.340
      16.074        0.000        9.035        4.637
