# Elapsed time   CPU (%)     Real (MB)   Virtual (MB)
       0.001        0.000       27.242       12.551
       0.041        0.000       30.953       12.809
       0.076        0.000       35.922       15.758
       0.111        0.000       38.883       16.309
       0.149        0.000       38.887       16.324
       0.181        0.000       39.473       16.324
       0.214        0.000       38.887       16.309
       0.249        0.000       39.449       16.324
       0.282        0.000       38.926       16.324
       0.316        0.000       38.887       16.309
       0.364        0.000       39.441       16.324
       0.393        0.000       38.922       16.309
       0.429        0.000       38.926       16.309
       0.470        0.000       47.910       25.531
       0.518        0.000       58.266       29.215
       0.568        0.000       60.309       29.793
       0.608        0.000       60.727       29.875
       0.649        0.000       63.074       31.027
       0.695        0.000       63.121       30.492
       0.738        0.000       63.852       31.332
       0.784        0.000       63.887       31.828
       0.829        0.000       64.434       32.340
       0.874        0.000       64.164       31.484
       0.917        0.000       64.250       31.703
       0.965        0.000       64.250       31.551
       1.009        0.000       64.465       31.996
       1.051        0.000       64.793       32.832
       1.091        0.000       64.875       32.840
       1.135        0.000       64.891       32.836
       1.181        0.000       64.910       32.293
       1.219        0.000       64.992       32.344
       1.254        0.000       65.145       32.492
       1.293        0.000       65.340       33.098
       1.325        0.000       65.246       32.789
       1.360        0.000       65.480       32.719
       1.391        0.000       66.098       33.367
       1.425        0.000       68.711       33.617
       1.461        0.000       72.922       35.320
       1.495        0.000       77.219       38.090
       1.533        0.000       77.328       38.199
       1.565        0.000       77.375       38.242
       1.598        0.000       77.402       38.273
       1.631        0.000       78.387       38.996
       1.666        0.000       81.551       40.223
       1.703        0.000       82.648       40.590
       1.743        0.000       86.781       41.879
       1.783        0.000       86.781       41.879
       1.828        0.000       88.918       43.004
       1.875        0.000       96.219       48.871
       1.926        0.000      103.023       55.535
       1.968        0.000      107.902       60.430
       2.004        0.000      111.957       64.395
       2.042        0.000      119.289       75.586
       2.088        0.000      127.375       83.457
       2.128        0.000      132.840       88.828
       2.169        0.000      138.840       94.848
       2.210        0.000      143.461       99.500
       2.252        0.000      148.727      104.715
       2.293        0.000      153.598      109.742
       2.332        0.000      160.488      116.086
       2.377        0.000      168.852      124.504
       2.427        0.000      169.461      125.078
       2.462        0.000      169.465      125.078
       2.500        0.000      169.590      125.215
       2.533        0.000      169.594      125.215
       2.564        0.000      169.594      125.215
       2.595        0.000      169.594      125.215
       2.625        0.000      169.594      125.215
       2.654        0.000      169.594      125.215
       2.684        0.000      169.594      125.215
       2.714        0.000      169.723      125.352
       2.745        0.000      169.961      125.574
       2.775        0.000      169.977      125.594
       2.805        0.000      169.977      125.594
       2.836        0.000      170.016      125.629
       2.866        0.000      170.016      125.629
       2.898        0.000      170.016      125.629
       2.928        0.000      170.016      125.629
       2.957        0.000      170.016      125.629
       2.986        0.000      170.121      125.738
       3.018        0.000      170.191      125.812
       3.049        0.000      170.191      125.812
       3.079        0.000      171.844      127.527
       3.109        0.000      172.621      128.477
       3.140        0.000      174.348      130.105
       3.171        0.000      174.348      130.105
       3.201        0.000      174.348      130.105
       3.231        0.000      174.348      130.105
       3.261        0.000      174.340      130.105
       3.292        0.000      174.723      130.531
       3.322        0.000      174.723      130.531
       3.354        0.000      174.723      130.531
       3.384        0.000      174.723      130.531
       3.414        0.000      174.730      130.535
       3.444        0.000      174.730      130.535
       3.475        0.000      174.797      130.609
       3.507        0.000      174.949      130.746
       3.537        0.000      174.949      130.746
       3.568        0.000      174.949      130.746
       3.603        0.000      174.949      130.746
       3.636        0.000      175.145      130.957
       3.672        0.000      175.145      130.957
       3.708        0.000      175.340      131.168
       3.741        0.000      175.617      131.434
       3.771        0.000      175.691      131.508
       3.802        0.000      175.684      131.508
       3.833        0.000      175.930      131.758
       3.863        0.000      175.930      131.758
       3.893        0.000      175.930      131.758
       3.923        0.000      175.930      131.758
       3.953        0.000      176.395      132.238
       3.983        0.000      176.395      132.238
       4.017        0.000      176.395      132.238
       4.083        0.000      176.488      132.371
       4.159        0.000      176.488      132.371
       4.197        0.000      176.488      132.371
       4.253        0.000      176.488      132.371
       4.290        0.000      176.488      132.371
       4.328        0.000      176.488      132.371
       4.365        0.000      176.488      132.371
       4.398        0.000      176.488      132.371
       4.429        0.000      176.488      132.371
       4.461        0.000      176.488      132.371
       4.491        0.000      176.555      132.445
       4.525        0.000      176.555      132.445
       4.558        0.000      176.930      132.883
       4.588        0.000      176.996      132.883
       4.624        0.000      176.996      132.883
       4.660        0.000      176.996      132.883
       4.692        0.000      176.996      132.883
       4.724        0.000      176.996      132.883
       4.755        0.000      176.996      132.883
       4.790        0.000      176.996      132.883
       4.824        0.000      176.996      132.883
       4.858        0.000      176.996      132.883
       4.890        0.000      177.066      132.957
       4.926        0.000      177.066      132.957
       4.960        0.000      176.645      132.957
       4.994        0.000      176.645      132.957
       5.054        0.000      176.645      132.957
       5.092        0.000      176.910      133.242
       5.139        0.000      176.914      133.242
       5.184        0.000      176.914      133.242
       5.226        0.000      177.051      133.379
       5.258        0.000      177.121      133.453
       5.290        0.000      177.121      133.453
       5.324        0.000      177.129      133.453
       5.358        0.000      177.129      133.453
       5.391        0.000      177.129      133.453
       5.426        0.000      177.133      133.453
       5.459        0.000      177.465      133.789
       5.490        0.000      177.465      133.789
       5.521        0.000      177.465      133.789
       5.550        0.000      177.469      133.789
       5.581        0.000      177.469      133.789
       5.611        0.000      177.469      133.789
       5.641        0.000      174.102      133.926
       5.673        0.000      174.121      133.926
       5.705        0.000      174.125      133.926
       5.740        0.000      174.211      134.000
       5.774        0.000      174.367      134.137
       5.809        0.000      174.375      134.137
       5.844        0.000      174.379      134.137
       5.879        0.000      174.383      134.137
       5.910        0.000      174.406      134.137
       5.945        0.000      174.406      134.137
       5.982        0.000      174.414      134.137
       6.016        0.000      174.555      134.215
       6.051        0.000      174.594      134.215
       6.081        0.000      174.609      134.215
       6.115        0.000      174.617      134.215
       6.144        0.000      174.754      134.352
       6.176        0.000      174.754      134.352
       6.207        0.000      174.762      134.352
       6.241        0.000      174.754      134.352
       6.272        0.000      174.754      134.352
       6.302        0.000      174.883      134.480
       6.334        0.000      175.012      134.617
       6.365        0.000      175.016      134.617
       6.395        0.000      175.082      134.691
       6.427        0.000      175.086      134.691
       6.459        0.000      175.090      134.691
       6.491        0.000      175.098      134.691
       6.521        0.000      175.098      134.691
       6.551        0.000      175.098      134.691
       6.582        0.000      175.098      134.691
       6.612        0.000      175.113      134.691
       6.642        0.000      175.113      134.691
       6.672        0.000      175.145      134.727
       6.702        0.000      175.145      134.727
       6.732        0.000      175.285      134.875
       6.763        0.000      175.285      134.875
       6.794        0.000      175.285      134.875
       6.832        0.000      175.285      134.875
       6.862        0.000      175.285      134.875
       6.893        0.000      175.285      134.875
       6.924        0.000      175.289      134.875
       6.955        0.000      175.355      134.949
       6.985        0.000      175.359      134.949
       7.014        0.000      175.555      135.102
       7.046        0.000      175.555      135.102
       7.076        0.000      175.953      135.516
       7.108        0.000      175.957      135.516
       7.139        0.000      175.957      135.516
       7.169        0.000      175.957      135.516
       7.200        0.000      175.957      135.516
       7.232        0.000      175.957      135.516
       7.262        0.000      175.957      135.516
       7.293        0.000      176.023      135.590
       7.325        0.000      176.035      135.590
       7.356        0.000      176.090      135.633
       7.388        0.000      176.484      136.051
       7.418        0.000      176.492      136.051
       7.451        0.000      176.492      136.051
       7.481        0.000      176.492      136.051
       7.513        0.000      176.492      136.051
       7.543        0.000      176.559      136.125
       7.573        0.000      176.574      136.125
       7.604        0.000      176.574      136.125
       7.636        0.000      176.574      136.125
       7.666        0.000      176.590      136.125
       7.698        0.000      176.590      136.125
       7.727        0.000      176.727      136.266
       7.761        0.000      176.727      136.266
       7.792        0.000      176.727      136.266
       7.823        0.000      176.727      136.266
       7.854        0.000      176.727      136.266
       7.887        0.000      176.809      136.340
       7.919        0.000      176.820      136.340
       7.950        0.000      176.824      136.340
       7.982        0.000      176.824      136.340
       8.012        0.000      176.824      136.340
       8.042        0.000      176.824      136.340
       8.072        0.000      176.859      136.340
       8.103        0.000      176.859      136.340
       8.133        0.000      176.859      136.340
       8.164        0.000      176.988      136.477
       8.195        0.000      177.305      136.824
       8.225        0.000      177.926      137.422
       8.256        0.000      177.926      137.422
       8.287        0.000      177.926      137.422
       8.318        0.000      177.941      137.422
       8.350        0.000      177.945      137.422
       8.382        0.000      178.012      137.496
       8.413        0.000      178.012      137.496
       8.443        0.000      178.062      137.496
       8.475        0.000      178.195      137.633
       8.506        0.000      178.195      137.633
       8.537        0.000      178.195      137.633
       8.567        0.000      178.211      137.648
       8.597        0.000      178.211      137.648
       8.627        0.000      178.238      137.648
       8.658        0.000      178.312      137.723
       8.687        0.000      178.332      137.738
       8.719        0.000      178.352      137.738
       8.749        0.000      178.352      137.738
       8.779        0.000      178.359      137.738
       8.809        0.000      178.352      137.738
       8.841        0.000      178.352      137.738
       8.875        0.000      178.371      137.758
       8.906        0.000      178.625      138.020
       8.938        0.000      178.691      138.094
       8.968        0.000      178.699      138.094
       8.999        0.000      178.699      138.094
       9.029        0.000      178.777      138.172
       9.059        0.000      178.910      138.309
       9.090        0.000      178.910      138.309
       9.120        0.000      178.910      138.309
       9.150        0.000      178.910      138.309
       9.180        0.000      178.910      138.309
       9.211        0.000      178.910      138.309
       9.241        0.000      178.926      138.328
       9.273        0.000      178.926      138.328
       9.303        0.000      179.070      138.465
       9.337        0.000      179.062      138.465
       9.367        0.000      179.078      138.480
       9.398        0.000      179.078      138.480
       9.428        0.000      179.211      138.617
       9.459        0.000      179.414      138.828
       9.491        0.000      179.414      138.828
       9.524        0.000      179.414      138.828
       9.556        0.000      179.414      138.828
       9.590        0.000      179.414      138.828
       9.623        0.000      179.414      138.828
       9.657        0.000      180.508      139.375
       9.689        0.000      181.902      140.617
       9.723        0.000      184.273      142.207
       9.756        0.000      185.426      143.207
       9.786        0.000      187.426      146.492
       9.817        0.000      189.012      147.500
       9.847        0.000      190.613      148.543
       9.876        0.000      191.672      149.176
       9.910        0.000      194.523      151.105
       9.943        0.000      197.680      152.867
       9.976        0.000      200.363      154.453
      10.008        0.000      204.832      156.715
      10.039        0.000      209.934      160.910
      10.069        0.000      213.391      161.934
      10.100        0.000      216.562      197.625
      10.136        0.000      218.379      200.457
      10.167        0.000      222.031      296.906
      10.198        0.000      223.441      312.777
      10.229        0.000      224.836      313.258
      10.261        0.000      225.594      313.305
      10.292        0.000      226.090      313.305
      10.324        0.000      226.344      313.305
      10.355        0.000      226.676      313.305
      10.387        0.000      227.043      313.305
      10.417        0.000      227.461      313.305
      10.447        0.000      227.555      313.305
      10.478        0.000      227.809      313.305
      10.512        0.000      232.055      315.469
      10.549        0.000      233.379      316.078
      10.581        0.000      233.887      316.457
      10.612        0.000      234.852      316.586
      10.645        0.000      234.852      316.586
      10.675        0.000      234.852      316.586
      10.704        0.000      235.055      316.648
      10.737        0.000      237.211      317.617
      10.769        0.000      237.914      317.801
      10.800        0.000      244.449      321.516
      10.868        0.000      244.449      321.516
      10.900        0.000      244.449      321.516
      10.929        0.000      254.543      323.848
      11.007        0.000      256.254      325.730
      11.047        0.000      256.285      325.723
      11.087        0.000      256.336      325.789
      11.121        0.000      256.336      325.789
      11.155        0.000      256.605      325.793
      11.193        0.000      256.605      325.793
      11.223        0.000      256.605      325.793
      11.251        0.000      256.609      325.793
      11.281        0.000      256.609      325.793
      11.312        0.000      257.348      326.355
      11.365        0.000      257.641      326.355
      11.398        0.000      258.641      327.664
      11.437        0.000      256.840      325.480
      11.470        0.000      256.840      325.480
      11.500        0.000      257.238      325.691
      11.547        0.000      257.238      325.691
      11.576        0.000      261.828      327.754
      11.646        0.000      265.273      343.562
      11.701        0.000      265.426      343.715
      11.734        0.000      263.398      341.816
      11.763        0.000      264.426      342.734
      11.807        0.000      264.426      342.734
      11.839        0.000      268.496      345.277
      11.889        0.000      268.594      345.371
      11.925        0.000      267.246      344.555
      11.960        0.000      267.246      344.555
      12.002        0.000      267.246      344.555
      12.038        0.000      267.246      344.555
      12.076        0.000      267.246      344.555
      12.114        0.000      267.246      344.555
      12.143        0.000      267.543      344.887
      12.175        0.000      270.297      348.332
      12.213        0.000      273.527      351.836
      12.257        0.000      276.754      355.309
      12.294        0.000      277.559      356.039
      12.331        0.000      274.594      353.340
      12.360        0.000      274.594      353.340
      12.389        0.000      274.594      353.340
      12.419        0.000      274.855      354.090
      12.448        0.000      277.652      358.402
      12.484        0.000      280.242      362.867
      12.517        0.000      281.414      365.547
      12.549        0.000      282.621      367.863
      12.586        0.000      287.496      369.426
      12.626        0.000      299.648      384.266
      12.664        0.000      308.023      391.895
      12.700        0.000      319.957      401.547
      12.731        0.000      332.113      415.598
      12.762        0.000      343.840      428.750
      12.795        0.000      349.645      433.785
      12.832        0.000      353.758      435.602
      12.888        0.000      357.270      437.602
      12.930        0.000      358.105      435.312
      12.968        0.000      359.031      436.285
      13.013        0.000      360.555      436.789
      13.080        0.000      367.016      468.543
      13.160        0.000      367.457      468.855
      13.218        0.000      368.012      469.297
      13.317        0.000      369.160      469.859
      13.365        0.000      371.070      471.535
      13.403        0.000      371.676      471.910
      13.438        0.000      372.500      472.414
      13.470        0.000      377.242      472.797
      13.507        0.000      377.613      474.172
      13.541        0.000      378.113      474.672
      13.571        0.000      378.523      475.297
      13.603        0.000      379.109      475.691
      13.635        0.000      379.492      475.941
      13.672        0.000      379.996      476.633
      13.703        0.000      380.473      476.949
      13.735        0.000      380.961      477.367
      13.777        0.000      381.172      477.691
      13.808        0.000      381.172      477.691
      13.843        0.000      381.172      477.691
      13.877        0.000      381.277      477.754
      13.913        0.000      381.543      478.195
      13.949        0.000      382.059      478.445
      13.982        0.000      382.656      479.074
      14.031        0.000      383.039      479.453
      14.072        0.000      383.383      479.895
      14.120        0.000      386.273      480.148
      14.212        0.000      386.957      480.852
      14.255        0.000      387.840      481.723
      14.295        0.000      388.539      482.387
      14.334        0.000      388.551      482.387
      14.375        0.000      392.215      484.273
      14.498        0.000      393.906      485.621
      14.531        0.000      394.711      486.289
      14.562        0.000      396.418      487.121
      14.596        0.000      397.738      487.707
      14.627        0.000      398.695      488.238
      14.658        0.000      399.551      488.867
      14.688        0.000      401.883      489.234
      14.718        0.000      402.570      489.484
      14.751        0.000      404.586      490.184
      14.786        0.000      407.398      492.117
      14.831        0.000      410.102      494.094
      14.869        0.000      410.125      494.098
      14.904        0.000      406.840      491.266
      14.974        0.000      409.109      491.777
      15.020        0.000      412.980      492.723
      15.067        0.000      422.652      545.312
      15.130        0.000      427.730      545.629
      15.218        0.000      429.551      546.770
      15.295        0.000      432.344      547.637
      15.339        0.000      434.031      548.848
      15.382        0.000      435.961      549.039
      15.437        0.000      437.691      549.406
      15.482        0.000      444.785      555.883
      15.521        0.000      439.758      550.406
      15.562        0.000      434.812      547.250
      15.595        0.000      436.070      548.840
      15.625        0.000      436.926      549.219
      15.657        0.000      437.184      549.219
      15.691        0.000      440.473      555.227
      15.722        0.000      449.270      568.535
      15.758        0.000      449.676      568.641
      15.793        0.000      450.441      569.445
      15.828        0.000      450.441      569.445
      15.860        0.000      450.562      569.570
      15.891        0.000      450.738      569.758
      15.925        0.000      452.016      570.734
      15.959        0.000      466.637      585.359
      16.013        0.000      468.258      586.984
      16.047        0.000      468.406      587.117
      16.078        0.000      469.441      588.223
      16.115        0.000      471.473      590.293
      16.148        0.000      472.957      591.836
      16.182        0.000      474.539      593.500
      16.213        0.000      475.320      594.285
      16.249        0.000      476.746      595.820
      16.283        0.000      478.637      597.801
      16.313        0.000      480.758      599.898
      16.344        0.000      481.711      600.957
      16.376        0.000      482.684      602.016
      16.408        0.000      483.730      601.973
      16.442        0.000      484.312      601.988
      16.474        0.000      484.918      602.449
      16.507        0.000      488.273      604.402
      16.544        0.000      493.969      607.668
      16.596        0.000      499.074      611.754
      16.637        0.000      502.711      617.703
      16.677        0.000      501.676      613.512
      16.714        0.000      502.512      614.094
      16.749        0.000      503.602      615.203
      16.785        0.000      504.621      615.836
      16.817        0.000      506.047      616.715
      16.848        0.000      514.492      629.254
      16.884        0.000      515.219      628.555
      16.920        0.000      515.727      628.555
      16.953        0.000      516.293      629.559
      16.985        0.000      517.043      629.586
      17.017        0.000      518.402      629.633
      17.049        0.000      519.418      630.328
      17.080        0.000      520.426      630.328
      17.111        0.000      520.887      630.328
      17.144        0.000      522.277      631.840
      17.176        0.000      522.477      631.840
      17.209        0.000      522.895      631.859
      17.240        0.000      523.516      632.625
      17.269        0.000      524.258      633.027
      17.301        0.000      524.441      633.055
      17.332        0.000      526.031      637.219
      17.362        0.000      526.031      637.219
      17.392        0.000      526.402      637.695
      17.423        0.000      526.785      642.223
      17.453        0.000      527.418      656.004
      17.484        0.000      528.031      656.004
      17.516        0.000      528.062      655.863
      17.546        0.000      528.062      655.863
      17.575        0.000      528.125      655.863
      17.605        0.000      528.125      655.863
      17.634        0.000      528.121      655.863
      17.663        0.000      528.117      655.863
      17.694        0.000      528.113      655.863
      17.724        0.000      528.113      655.863
      17.753        0.000      528.133      655.863
      17.783        0.000      528.129      655.863
      17.812        0.000      528.129      655.863
      17.845        0.000      528.184      655.863
      17.875        0.000      528.277      655.746
      17.909        0.000      529.035      656.484
      17.940        0.000      529.484      656.898
      17.976        0.000      529.691      626.926
      18.009        0.000      519.676      617.066
      18.043        0.000      520.082      617.090
      18.074        0.000      520.082      617.090
      18.106        0.000      520.082      617.090
      18.142        0.000      520.000      617.090
      18.182        0.000      519.770      617.090
      18.214        0.000      519.723      617.090
      18.248        0.000      519.723      617.090
      18.284        0.000      519.723      617.090
      18.317        0.000      519.723      617.090
      18.349        0.000      519.723      617.090
      18.381        0.000      519.723      617.090
      18.413        0.000      519.723      617.090
      18.444        0.000      519.723      617.090
      18.473        0.000      519.723      617.090
      18.505        0.000      519.723      617.090
      18.534        0.000      519.723      617.090
      18.564        0.000      519.723      617.090
      18.593        0.000      519.723      617.090
      18.622        0.000      519.723      617.090
      18.652        0.000      519.723      617.090
      18.684        0.000      519.723      617.090
      18.713        0.000      519.723      617.090
      18.744        0.000      519.723      617.090
      18.774        0.000      519.723      617.090
      18.803        0.000      519.723      617.090
      18.835        0.000      519.723      617.090
      18.865        0.000      519.723      617.090
      18.895        0.000      519.723      617.090
      18.925        0.000      519.723      617.090
      18.954        0.000      519.723      617.090
      18.984        0.000      519.723      617.090
      19.013        0.000      519.723      617.090
      19.043        0.000      519.883      617.203
      19.075        0.000      519.840      617.141
      19.106        0.000      519.840      617.141
      19.136        0.000      519.840      617.141
      19.166        0.000      519.785      617.027
      19.196        0.000      519.785      617.027
      19.226        0.000      519.785      617.027
      19.256        0.000      519.785      617.027
      19.286        0.000      519.785      617.027
      19.316        0.000      519.785      617.027
      19.346        0.000      519.785      617.027
      19.376        0.000      519.785      617.027
      19.407        0.000      519.785      617.027
      19.437        0.000      519.785      617.027
      19.468        0.000      519.785      617.027
      19.497        0.000      519.895      617.020
      19.527        0.000      520.781      617.023
      19.558        0.000      511.789      608.539
      19.588        0.000      511.789      608.539
      19.643        0.000      511.789      608.539
      19.673        0.000      502.059      596.410
      19.702        0.000      501.957      597.180
      19.732        0.000      501.957      597.242
      19.762        0.000      495.141      589.059
      19.801        0.000      495.422      589.750
      19.843        0.000      495.844      589.750
      19.882        0.000      485.941      582.090
      19.923        0.000      481.945      573.125
      19.962        0.000      455.602      544.613
      20.004        0.000      426.535      522.207
      20.045        0.000      185.559      267.719
      20.089        0.000        9.043        4.559
