# Elapsed time   CPU (%)     Real (MB)   Virtual (MB)
       0.000        0.000       23.719       12.254
       0.032        0.000       26.074       12.387
       0.064        0.000       27.949       12.637
       0.096        0.000       29.230       12.734
       0.126        0.000       30.422       12.746
       0.159        0.000       31.027       12.871
       0.191        0.000       32.941       13.078
       0.221        0.000       35.992       15.789
       0.252        0.000       35.992       15.789
       0.282        0.000       35.992       15.789
       0.312        0.000       35.992       15.789
       0.342        0.000       35.992       15.789
       0.372        0.000       35.992       15.789
       0.402        0.000       35.992       15.789
       0.432        0.000       35.992       15.789
       0.462        0.000       35.992       15.789
       0.492        0.000       35.992       15.789
       0.522        0.000       37.180       16.152
       0.554        0.000       38.945       16.457
       0.585        0.000       39.270       16.434
       0.614        0.000       39.602       16.434
       0.649        0.000       39.102       16.434
       0.681        0.000       39.207       16.434
       0.716        0.000       39.312       16.434
       0.747        0.000       39.418       16.434
       0.783        0.000       39.043       16.434
       0.817        0.000       39.031       16.418
       0.849        0.000       39.070       16.418
       0.880        0.000       39.066       16.418
       0.910        0.000       40.988       26.109
       0.943        0.000       43.008       24.926
       0.972        0.000       45.129       64.094
       1.006        0.000       46.770       64.094
       1.035        0.000       48.336       26.301
       1.069        0.000       51.121       27.926
       1.103        0.000       53.172       28.574
       1.133        0.000       55.207       29.156
       1.163        0.000       57.000       29.277
       1.192        0.000       58.398       29.441
       1.222        0.000       60.367       29.914
       1.254        0.000       60.766       29.926
       1.286        0.000       61.480       30.168
       1.317        0.000       63.012       31.016
       1.347        0.000       63.527       31.293
       1.379        0.000       63.516       30.840
       1.411        0.000       63.723       31.102
       1.443        0.000       63.816       31.145
       1.476        0.000       64.000       31.500
       1.509        0.000       64.418       32.152
       1.544        0.000       64.562       32.289
       1.577        0.000       64.617       32.523
       1.609        0.000       64.715       32.598
       1.642        0.000       65.090       32.879
       1.673        0.000       65.023       32.949
       1.703        0.000       65.391       33.172
       1.734        0.000       65.047       32.520
       1.766        0.000       65.391       33.254
       1.802        0.000       65.848       33.301
       1.837        0.000       67.016       32.645
       1.870        0.000       67.957       37.270
       1.903        0.000       70.109       33.699
       1.934        0.000       71.773       34.918
       1.966        0.000       73.121       40.879
       1.999        0.000       75.812       36.898
       2.029        0.000       76.934       37.805
       2.059        0.000       76.941       37.812
       2.091        0.000       76.941       37.812
       2.125        0.000       76.957       37.828
       2.158        0.000       77.008       37.883
       2.192        0.000       77.008       37.883
       2.223        0.000       77.008       37.883
       2.254        0.000       77.008       37.883
       2.285        0.000       78.359       38.621
       2.317        0.000       78.359       38.621
       2.350        0.000       78.594       38.723
       2.381        0.000       79.215       40.711
       2.414        0.000       81.168       39.852
       2.447        0.000       81.508       40.102
       2.482        0.000       82.371       40.832
       2.516        0.000       89.789       45.957
       2.557        0.000       96.152       50.293
       2.597        0.000      103.250       57.047
       2.641        0.000      107.879       61.520
       2.677        0.000      113.738       66.051
       2.715        0.000      121.387       77.664
       2.757        0.000      131.699       87.723
       2.798        0.000      137.246       93.242
       2.835        0.000      142.586       98.609
       2.875        0.000      147.047      103.066
       2.915        0.000      152.367      108.383
       2.958        0.000      158.941      114.664
       3.001        0.000      164.457      120.145
       3.039        0.000      169.082      124.660
       3.073        0.000      169.082      124.660
       3.104        0.000      169.086      124.660
       3.136        0.000      169.105      124.680
       3.168        0.000      169.113      124.680
       3.199        0.000      169.105      124.680
       3.231        0.000      169.176      124.754
       3.261        0.000      169.176      124.754
       3.294        0.000      169.176      124.754
       3.328        0.000      169.176      124.754
       3.361        0.000      169.176      124.754
       3.391        0.000      169.176      124.754
       3.424        0.000      169.176      124.754
       3.454        0.000      169.207      124.789
       3.487        0.000      169.461      125.055
       3.519        0.000      169.559      125.164
       3.552        0.000      169.559      125.164
       3.584        0.000      169.559      125.164
       3.615        0.000      169.559      125.164
       3.646        0.000      169.559      125.164
       3.677        0.000      169.559      125.164
       3.709        0.000      169.703      125.301
       3.741        0.000      169.703      125.301
       3.771        0.000      169.793      125.406
       3.801        0.000      169.793      125.406
       3.833        0.000      169.820      125.441
       3.864        0.000      170.082      125.707
       3.894        0.000      170.082      125.707
       3.924        0.000      170.082      125.707
       3.956        0.000      170.082      125.707
       3.987        0.000      170.082      125.707
       4.018        0.000      170.082      125.707
       4.049        0.000      170.082      125.707
       4.083        0.000      170.082      125.707
       4.113        0.000      170.711      126.352
       4.145        0.000      170.719      126.352
       4.176        0.000      170.719      126.352
       4.208        0.000      172.312      128.059
       4.238        0.000      174.684      130.484
       4.268        0.000      174.695      130.484
       4.301        0.000      174.699      130.484
       4.331        0.000      174.699      130.484
       4.363        0.000      174.699      130.484
       4.395        0.000      174.699      130.484
       4.425        0.000      174.699      130.484
       4.456        0.000      174.898      130.695
       4.487        0.000      174.898      130.695
       4.518        0.000      174.898      130.695
       4.548        0.000      174.898      130.695
       4.580        0.000      174.898      130.695
       4.612        0.000      174.898      130.695
       4.643        0.000      174.902      130.695
       4.674        0.000      174.902      130.695
       4.707        0.000      174.902      130.695
       4.737        0.000      174.902      130.695
       4.766        0.000      174.902      130.695
       4.799        0.000      174.902      130.695
       4.830        0.000      174.910      130.695
       4.862        0.000      175.031      130.832
       4.892        0.000      175.031      130.832
       4.923        0.000      175.031      130.832
       4.955        0.000      175.480      131.309
       4.987        0.000      175.496      131.309
       5.017        0.000      175.887      131.730
       5.048        0.000      175.891      131.730
       5.079        0.000      176.031      131.867
       5.111        0.000      176.031      131.867
       5.141        0.000      176.031      131.867
       5.173        0.000      176.031      131.867
       5.202        0.000      176.031      131.867
       5.234        0.000      176.031      131.867
       5.265        0.000      176.227      132.082
       5.295        0.000      176.227      132.082
       5.328        0.000      176.227      132.082
       5.360        0.000      176.266      132.121
       5.391        0.000      176.266      132.121
       5.423        0.000      176.297      132.156
       5.453        0.000      176.297      132.156
       5.484        0.000      176.805      132.703
       5.515        0.000      176.805      132.703
       5.547        0.000      176.805      132.703
       5.577        0.000      176.805      132.703
       5.608        0.000      176.805      132.703
       5.639        0.000      176.805      132.703
       5.671        0.000      176.805      132.703
       5.701        0.000      176.805      132.703
       5.732        0.000      176.805      132.703
       5.764        0.000      176.805      132.703
       5.794        0.000      176.969      132.926
       5.828        0.000      177.043      132.992
       5.858        0.000      177.043      132.992
       5.890        0.000      177.043      132.992
       5.921        0.000      177.047      132.992
       5.954        0.000      177.047      132.992
       5.986        0.000      177.176      133.133
       6.020        0.000      177.207      133.133
       6.051        0.000      177.207      133.133
       6.082        0.000      177.273      133.207
       6.113        0.000      177.273      133.207
       6.146        0.000      177.273      133.207
       6.176        0.000      177.273      133.207
       6.210        0.000      177.402      133.355
       6.240        0.000      177.402      133.355
       6.273        0.000      177.531      133.492
       6.304        0.000      177.531      133.492
       6.335        0.000      177.754      133.703
       6.368        0.000      177.754      133.703
       6.399        0.000      177.820      133.777
       6.431        0.000      177.820      133.777
       6.463        0.000      177.820      133.777
       6.495        0.000      177.820      133.777
       6.525        0.000      177.949      133.914
       6.556        0.000      178.078      134.051
       6.586        0.000      178.078      134.051
       6.616        0.000      178.086      134.051
       6.646        0.000      178.094      134.051
       6.680        0.000      178.121      134.051
       6.710        0.000      178.121      134.051
       6.742        0.000      178.121      134.051
       6.773        0.000      178.121      134.051
       6.806        0.000      178.121      134.051
       6.836        0.000      178.129      134.051
       6.868        0.000      178.129      134.051
       6.902        0.000      178.129      134.051
       6.932        0.000      178.129      134.051
       6.962        0.000      178.129      134.051
       6.996        0.000      178.199      134.125
       7.027        0.000      178.199      134.125
       7.059        0.000      178.199      134.125
       7.090        0.000      178.203      134.129
       7.124        0.000      178.203      134.129
       7.156        0.000      178.203      134.129
       7.188        0.000      178.203      134.129
       7.219        0.000      178.203      134.129
       7.249        0.000      178.203      134.129
       7.281        0.000      178.203      134.129
       7.312        0.000      178.215      134.141
       7.346        0.000      178.215      134.141
       7.378        0.000      178.215      134.141
       7.409        0.000      178.219      134.141
       7.438        0.000      178.219      134.141
       7.471        0.000      178.219      134.141
       7.500        0.000      178.219      134.141
       7.533        0.000      178.219      134.141
       7.563        0.000      178.219      134.141
       7.594        0.000      178.734      134.676
       7.625        0.000      178.809      134.742
       7.654        0.000      178.863      134.816
       7.688        0.000      178.871      134.816
       7.720        0.000      178.879      134.816
       7.753        0.000      178.879      134.816
       7.788        0.000      178.879      134.816
       7.818        0.000      179.000      134.953
       7.850        0.000      179.008      134.953
       7.881        0.000      179.012      134.953
       7.915        0.000      179.008      134.953
       7.947        0.000      179.008      134.953
       7.979        0.000      179.008      134.953
       8.011        0.000      179.008      134.953
       8.044        0.000      179.008      134.953
       8.077        0.000      179.008      134.953
       8.110        0.000      179.008      134.953
       8.143        0.000      179.008      134.953
       8.173        0.000      179.012      134.953
       8.205        0.000      179.059      135.027
       8.236        0.000      179.066      135.027
       8.266        0.000      179.082      135.027
       8.297        0.000      179.188      135.168
       8.328        0.000      179.195      135.168
       8.361        0.000      179.195      135.168
       8.391        0.000      179.215      135.168
       8.422        0.000      179.215      135.168
       8.453        0.000      179.215      135.168
       8.483        0.000      179.418      135.379
       8.514        0.000      179.418      135.379
       8.549        0.000      179.691      135.664
       8.580        0.000      179.691      135.664
       8.610        0.000      179.758      135.730
       8.644        0.000      179.758      135.730
       8.677        0.000      179.758      135.730
       8.707        0.000      179.758      135.730
       8.741        0.000      179.758      135.730
       8.773        0.000      179.758      135.730
       8.802        0.000      179.758      135.730
       8.834        0.000      179.891      135.867
       8.866        0.000      179.891      135.867
       8.898        0.000      179.891      135.867
       8.928        0.000      180.773      136.805
       8.959        0.000      180.773      136.805
       8.989        0.000      180.773      136.805
       9.019        0.000      180.781      136.805
       9.050        0.000      180.793      136.805
       9.084        0.000      180.797      136.805
       9.115        0.000      180.797      136.805
       9.145        0.000      180.797      136.805
       9.175        0.000      180.797      136.805
       9.207        0.000      180.797      136.805
       9.239        0.000      180.797      136.805
       9.269        0.000      180.797      136.805
       9.303        0.000      180.797      136.805
       9.333        0.000      180.797      136.805
       9.366        0.000      180.797      136.805
       9.397        0.000      180.797      136.805
       9.426        0.000      180.797      136.805
       9.459        0.000      180.797      136.805
       9.492        0.000      180.797      136.805
       9.521        0.000      180.797      136.805
       9.553        0.000      180.844      136.879
       9.586        0.000      180.871      136.879
       9.616        0.000      180.871      136.879
       9.649        0.000      180.871      136.879
       9.680        0.000      180.871      136.879
       9.711        0.000      180.883      136.891
       9.741        0.000      180.934      137.020
       9.771        0.000      181.062      137.160
       9.804        0.000      181.062      137.160
       9.836        0.000      181.137      137.234
       9.866        0.000      181.137      137.234
       9.899        0.000      181.137      137.234
       9.929        0.000      181.270      137.371
       9.960        0.000      181.281      137.387
       9.990        0.000      181.418      137.523
      10.020        0.000      181.555      137.664
      10.053        0.000      181.688      137.812
      10.082        0.000      181.695      137.812
      10.114        0.000      181.695      137.812
      10.146        0.000      181.695      137.812
      10.175        0.000      181.695      137.812
      10.208        0.000      181.703      137.812
      10.240        0.000      181.695      137.812
      10.270        0.000      181.766      137.887
      10.300        0.000      181.766      137.887
      10.331        0.000      181.766      137.887
      10.362        0.000      181.766      137.887
      10.392        0.000      181.766      137.887
      10.424        0.000      181.766      137.887
      10.455        0.000      181.766      137.887
      10.485        0.000      181.766      137.887
      10.516        0.000      181.766      137.887
      10.547        0.000      181.766      137.887
      10.578        0.000      181.766      137.887
      10.609        0.000      181.766      137.887
      10.639        0.000      181.766      137.887
      10.672        0.000      181.832      137.961
      10.704        0.000      181.832      137.961
      10.735        0.000      181.832      137.961
      10.765        0.000      181.832      137.961
      10.795        0.000      181.871      137.996
      10.828        0.000      181.871      137.996
      10.861        0.000      182.004      138.133
      10.893        0.000      182.133      138.270
      10.924        0.000      182.133      138.270
      10.954        0.000      182.238      138.379
      10.984        0.000      182.270      138.414
      11.014        0.000      182.270      138.414
      11.043        0.000      182.270      138.414
      11.076        0.000      182.270      138.414
      11.109        0.000      182.270      138.414
      11.140        0.000      182.270      138.414
      11.173        0.000      182.270      138.414
      11.202        0.000      182.270      138.414
      11.235        0.000      182.270      138.414
      11.265        0.000      182.270      138.414
      11.295        0.000      182.270      138.414
      11.330        0.000      182.344      138.488
      11.360        0.000      182.477      138.625
      11.391        0.000      182.605      138.762
      11.424        0.000      182.605      138.762
      11.454        0.000      182.605      138.762
      11.488        0.000      182.605      138.762
      11.519        0.000      182.605      138.762
      11.550        0.000      182.605      138.762
      11.582        0.000      182.609      138.762
      11.615        0.000      182.609      138.762
      11.646        0.000      182.609      138.762
      11.677        0.000      182.645      138.797
      11.711        0.000      183.039      139.168
      11.744        0.000      184.641      140.828
      11.773        0.000      186.117      142.344
      11.802        0.000      186.992      143.273
      11.831        0.000      188.430      146.047
      11.862        0.000      189.500      146.910
      11.893        0.000      190.750      147.684
      11.923        0.000      192.270      148.727
      11.953        0.000      193.160      149.148
      11.982        0.000      195.055      150.301
      12.013        0.000      197.051      151.355
      12.043        0.000      199.676      153.023
      12.073        0.000      201.184      153.809
      12.104        0.000      203.406      155.062
      12.134        0.000      205.820      156.262
      12.165        0.000      208.793      159.113
      12.195        0.000      211.012      160.324
      12.225        0.000      213.672      160.973
      12.256        0.000      215.277      162.816
      12.285        0.000      216.801      196.742
      12.316        0.000      217.695      196.930
      12.348        0.000      219.113      199.762
      12.378        0.000      222.070      295.887
      12.409        0.000      223.078      296.012
      12.438        0.000      224.965      312.340
      12.469        0.000      225.758      312.340
      12.501        0.000      226.402      312.387
      12.532        0.000      226.805      312.387
      12.562        0.000      227.051      312.387
      12.596        0.000      227.453      312.387
      12.626        0.000      227.746      312.387
      12.658        0.000      228.066      312.387
      12.688        0.000      228.367      312.387
      12.718        0.000      229.062      312.836
      12.749        0.000      233.695      315.051
      12.791        0.000      234.219      315.215
      12.823        0.000      235.062      315.691
      12.855        0.000      235.676      315.734
      12.888        0.000      235.676      315.734
      12.916        0.000      235.676      315.734
      12.945        0.000      236.762      316.449
      12.977        0.000      238.078      316.820
      13.009        0.000      238.754      317.004
      13.041        0.000      240.508      317.539
      13.084        0.000      240.508      317.539
      13.121        0.000      240.605      317.539
      13.150        0.000      248.863      321.168
      13.214        0.000      250.914      321.840
      13.246        0.000      250.914      321.840
      13.275        0.000      250.914      321.840
      13.304        0.000      252.289      321.840
      13.341        0.000      252.289      321.840
      13.373        0.000      256.699      324.188
      13.432        0.000      258.738      326.250
      13.471        0.000      259.465      327.566
      13.504        0.000      259.281      326.832
      13.545        0.000      259.625      327.324
      13.579        0.000      259.660      327.324
      13.620        0.000      259.988      327.324
      13.657        0.000      259.988      327.324
      13.686        0.000      261.758      327.324
      13.725        0.000      262.848      328.355
      13.769        0.000      263.840      329.352
      13.802        0.000      261.730      327.895
      13.837        0.000      261.730      327.895
      13.866        0.000      262.371      328.379
      13.905        0.000      263.781      330.273
      13.943        0.000      263.785      330.273
      13.973        0.000      263.785      330.273
      14.002        0.000      263.828      330.273
      14.035        0.000      263.855      330.273
      14.070        0.000      264.008      330.273
      14.103        0.000      264.008      330.273
      14.137        0.000      263.957      330.191
      14.168        0.000      263.957      330.191
      14.197        0.000      263.957      330.191
      14.226        0.000      263.957      330.191
      14.256        0.000      265.191      332.031
      14.289        0.000      265.770      332.590
      14.322        0.000      265.770      332.590
      14.351        0.000      265.770      332.590
      14.379        0.000      267.777      335.266
      14.416        0.000      272.281      340.191
      14.460        0.000      275.246      343.301
      14.501        0.000      272.051      340.258
      14.539        0.000      272.051      340.258
      14.569        0.000      272.051      340.258
      14.603        0.000      272.051      340.258
      14.631        0.000      273.191      343.059
      14.666        0.000      277.578      349.902
      14.702        0.000      278.820      352.004
      14.738        0.000      280.090      355.734
      14.768        0.000      282.121      357.809
      14.827        0.000      292.039      368.785
      14.865        0.000      302.141      377.188
      14.901        0.000      314.164      390.629
      14.930        0.000      326.473      400.621
      14.961        0.000      339.008      414.348
      14.991        0.000      346.258      423.352
      15.021        0.000      346.676      423.617
      15.058        0.000      348.105      424.070
      15.095        0.000      352.398      426.840
      15.144        0.000      349.469      423.594
      15.177        0.000      351.305      426.086
      15.215        0.000      352.895      426.648
      15.252        0.000      353.625      427.312
      15.295        0.000      356.770      428.906
      15.339        0.000      357.074      428.996
      15.377        0.000      357.340      429.434
      15.409        0.000      357.883      430.000
      15.447        0.000      360.977      444.086
      15.484        0.000      361.613      444.461
      15.521        0.000      362.230      445.023
      15.554        0.000      365.777      445.648
      15.594        0.000      366.172      446.023
      15.626        0.000      366.609      446.273
      15.657        0.000      366.988      446.902
      15.687        0.000      367.617      447.234
      15.719        0.000      369.910      447.551
      15.755        0.000      370.609      447.992
      15.786        0.000      371.254      448.492
      15.824        0.000      373.148      449.867
      15.887        0.000      374.859      451.281
      15.927        0.000      375.043      451.281
      15.958        0.000      373.992      450.207
      15.989        0.000      374.008      450.207
      16.018        0.000      374.410      450.270
      16.059        0.000      375.703      450.961
      16.102        0.000      380.496      465.332
      16.141        0.000      381.977      466.914
      16.184        0.000      382.312      467.105
      16.226        0.000      382.695      467.609
      16.271        0.000      383.000      467.762
      16.315        0.000      383.000      467.762
      16.344        0.000      383.000      467.762
      16.374        0.000      383.137      467.848
      16.406        0.000      383.930      468.785
      16.444        0.000      384.750      469.566
      16.475        0.000      385.395      469.965
      16.505        0.000      386.523      471.121
      16.539        0.000      386.910      471.438
      16.572        0.000      387.441      471.941
      16.603        0.000      388.121      472.469
      16.635        0.000      388.637      472.918
      16.666        0.000      389.117      473.215
      16.699        0.000      389.578      473.902
      16.735        0.000      389.980      474.152
      16.775        0.000      394.355      478.902
      16.817        0.000      395.445      479.844
      16.860        0.000      395.445      479.844
      16.894        0.000      395.730      480.094
      16.931        0.000      396.715      480.469
      16.965        0.000      401.922      482.094
      17.001        0.000      402.230      482.328
      17.038        0.000      406.055      504.922
      17.075        0.000      406.133      505.176
      17.111        0.000      407.418      505.656
      17.144        0.000      408.965      505.930
      17.176        0.000      410.457      506.590
      17.206        0.000      411.277      507.391
      17.237        0.000      415.184      507.715
      17.316        0.000      415.973      508.219
      17.365        0.000      422.980      514.551
      17.408        0.000      417.996      509.137
      17.459        0.000      419.223      509.473
      17.505        0.000      420.562      511.141
      17.543        0.000      421.281      511.656
      17.580        0.000      421.918      511.855
      17.621        0.000      422.141      511.855
      17.661        0.000      423.855      512.598
      17.699        0.000      432.812      530.656
      17.745        0.000      434.094      530.879
      17.786        0.000      425.609      523.918
      17.828        0.000      425.609      523.918
      17.866        0.000      425.715      524.043
      17.907        0.000      425.871      524.230
      17.955        0.000      426.168      524.230
      17.992        0.000      432.520      530.574
      18.033        0.000      443.086      541.145
      18.073        0.000      443.527      541.617
      18.109        0.000      444.250      542.328
      18.140        0.000      445.527      543.625
      18.173        0.000      447.289      545.535
      18.204        0.000      449.289      547.531
      18.234        0.000      450.598      548.918
      18.267        0.000      451.324      549.641
      18.301        0.000      452.898      551.297
      18.333        0.000      455.262      553.773
      18.363        0.000      456.293      554.781
      18.394        0.000      458.219      556.559
      18.425        0.000      458.789      557.281
      18.456        0.000      459.602      557.086
      18.487        0.000      460.121      557.102
      18.520        0.000      461.320      558.328
      18.553        0.000      462.332      558.801
      18.584        0.000      468.734      564.078
      18.626        0.000      473.730      568.641
      18.671        0.000      477.863      572.211
      18.708        0.000      476.953      570.969
      18.745        0.000      478.465      571.352
      18.780        0.000      479.570      573.094
      18.812        0.000      480.445      572.715
      18.843        0.000      481.871      573.102
      18.875        0.000      483.020      573.535
      18.905        0.000      491.121      574.223
      18.941        0.000      492.938      585.887
      18.979        0.000      493.230      585.887
      19.011        0.000      493.852      586.887
      19.041        0.000      497.605      586.914
      19.072        0.000      499.875      586.961
      19.102        0.000      502.770      583.719
      19.139        0.000      504.156      584.023
      19.169        0.000      504.344      584.098
      19.201        0.000      504.496      584.098
      19.231        0.000      504.496      584.098
      19.263        0.000      504.531      584.102
      19.296        0.000      504.531      584.102
      19.324        0.000      504.531      584.102
      19.355        0.000      504.531      584.102
      19.385        0.000      504.531      584.102
      19.413        0.000      504.531      584.102
      19.443        0.000      504.531      584.102
      19.472        0.000      504.531      584.102
      19.501        0.000      504.531      584.102
      19.530        0.000      504.531      584.102
      19.559        0.000      504.531      584.102
      19.588        0.000      504.469      583.961
      19.617        0.000      504.469      583.961
      19.646        0.000      504.469      583.961
      19.675        0.000      504.469      583.961
      19.704        0.000      504.582      583.961
      19.737        0.000      504.789      583.961
      19.768        0.000      505.379      584.203
      19.798        0.000      505.379      584.203
      19.827        0.000      505.379      584.203
      19.856        0.000      505.379      584.203
      19.885        0.000      505.379      584.203
      19.913        0.000      505.379      584.203
      19.942        0.000      505.379      584.203
      19.971        0.000      505.379      584.203
      20.005        0.000      505.379      584.203
      20.035        0.000      505.379      584.203
      20.064        0.000      505.379      584.203
      20.093        0.000      505.379      584.203
      20.122        0.000      505.379      584.203
      20.151        0.000      505.379      584.203
      20.184        0.000      505.379      584.203
      20.215        0.000      506.480      742.770
      20.246        0.000      509.613      742.770
      20.277        0.000      512.605      742.770
      20.309        0.000      515.430      742.770
      20.342        0.000      518.477      742.770
      20.374        0.000      521.574      742.770
      20.403        0.000      524.637      742.770
      20.432        0.000      527.785      742.770
      20.461        0.000      530.875      742.770
      20.491        0.000      533.973      742.770
      20.520        0.000      562.949      742.770
      20.551        0.000      564.410      719.547
      20.582        0.000      566.555      719.547
      20.611        0.000      568.625      719.547
      20.640        0.000      580.527      719.547
      20.669        0.000      591.418      713.484
      20.699        0.000      602.324      713.484
      20.728        0.000      619.199      713.484
      20.757        0.000      634.676      713.484
      20.789        0.000      659.125      737.793
      20.822        0.000      668.918      762.035
      20.858        0.000      666.434      749.914
      20.892        0.000      659.195      737.793
      20.928        0.000      692.949      858.996
      20.962        0.000      719.727      895.363
      20.996        0.000      748.418      989.266
      21.038        0.000      776.469      989.266
      21.070        0.000      821.602      989.266
      21.104        0.000      850.785      989.266
      21.139        0.000      851.520      989.266
      21.170        0.000      851.609      989.266
      21.202        0.000      851.609      989.266
      21.233        0.000      851.609      989.266
      21.265        0.000      851.609      989.266
      21.297        0.000      851.609      989.266
      21.331        0.000      852.672      989.266
      21.365        0.000      854.012      989.266
      21.399        0.000      854.789      989.266
      21.433        0.000      856.238      989.266
      21.467        0.000      857.410      989.266
      21.502        0.000      858.480      989.266
      21.540        0.000      859.570      989.266
      21.579        0.000      860.703      989.266
      21.616        0.000      861.859      989.266
      21.651        0.000      863.535      989.266
      21.685        0.000      865.512      989.266
      21.719        0.000      866.832      989.266
      21.753        0.000      867.891      989.266
      21.787        0.000      869.195      989.266
      21.822        0.000      870.109      989.266
      21.855        0.000      871.176      989.266
      21.889        0.000      872.574      989.266
      21.923        0.000      873.324      989.047
      21.957        0.000      874.211      989.047
      21.991        0.000      875.020      988.973
      22.028        0.000      875.695      988.973
      22.064        0.000      876.449      988.973
      22.100        0.000      877.410      988.973
      22.134        0.000      878.270      988.973
      22.171        0.000      879.082      988.973
      22.205        0.000      879.930      988.973
      22.241        0.000      880.750      988.973
      22.275        0.000      881.602      988.973
      22.309        0.000      882.465      988.973
      22.343        0.000      883.336      988.973
      22.376        0.000      884.094      988.973
      22.409        0.000      884.801      988.973
      22.444        0.000      885.559      988.973
      22.477        0.000      885.867      988.973
      22.516        0.000      885.867      988.973
      22.551        0.000      885.867      988.973
      22.584        0.000      885.867      988.973
      22.621        0.000      885.867      988.973
      22.655        0.000      885.867      988.973
      22.689        0.000      885.867      988.973
      22.723        0.000      885.867      988.973
      22.757        0.000      885.867      988.973
      22.790        0.000      873.289      977.395
      22.827        0.000      873.289      977.395
      22.861        0.000      873.289      977.395
      22.895        0.000      873.289      977.395
      22.929        0.000      873.289      977.395
      22.963        0.000      872.438      977.395
      22.999        0.000      870.316      977.395
      23.034        0.000      870.316      977.395
      23.071        0.000      776.598      883.492
      23.106        0.000      788.703      954.176
      23.142        0.000      788.703      954.176
      23.175        0.000      804.445      954.176
      23.207        0.000      822.199      954.176
      23.238        0.000      839.922     1001.637
      23.273        0.000      872.609     1001.637
      23.305        0.000      883.445     1001.637
      23.335        0.000      883.449     1001.637
      23.367        0.000      883.449     1001.637
      23.400        0.000      883.449     1001.637
      23.430        0.000      883.449     1001.637
      23.460        0.000      841.965      989.520
      23.493        0.000      788.707      883.492
      23.532        0.000      788.707      883.492
      23.569        0.000      788.707      883.492
      23.605        0.000      800.809      954.176
      23.639        0.000      800.809      954.176
      23.672        0.000      812.992      954.176
      23.704        0.000      830.336      954.176
      23.735        0.000      848.180     1001.637
      23.767        0.000      874.730     1001.637
      23.798        0.000      883.453     1001.637
      23.834        0.000      888.828     1051.395
      23.867        0.000      905.559     1051.395
      23.897        0.000      922.211     1051.395
      23.927        0.000      933.121     1051.395
      23.958        0.000      826.285     1026.133
      23.995        0.000      826.285     1026.133
      24.028        0.000      826.285     1026.133
      24.060        0.000      847.145     1026.133
      24.093        0.000      868.363     1026.133
      24.124        0.000      889.918     1026.133
      24.157        0.000      897.012     3033.602
      24.192        0.000      897.387     3033.602
      24.227        0.000      905.895     3059.523
      24.264        0.000      918.516     3074.793
      24.302        0.000      929.844     3074.793
      24.341        0.000      937.727     3074.793
      24.378        0.000      952.395     3074.793
      24.417        0.000      957.992     3080.578
      24.456        0.000      967.555     3080.578
      24.494        0.000      975.246     3080.578
      24.533        0.000      985.336     3080.578
      24.569        0.000      996.031     3080.578
      24.610        0.000     1002.973     3080.578
      24.647        0.000     1013.594     3080.578
      24.685        0.000     1023.910     3080.578
      24.723        0.000     1032.008     3080.578
      24.764        0.000     1041.934     3080.578
      24.802        0.000     1052.246     3080.578
      24.839        0.000     1062.016     3080.578
      24.879        0.000     1069.668     3080.578
      24.918        0.000     1079.246     3080.578
      24.958        0.000     1093.605     3080.578
      24.993        0.000     1093.883     3080.578
      25.033        0.000     1097.953     3081.543
      25.072        0.000     1108.789     3081.543
      25.110        0.000     1121.172     3081.543
      25.147        0.000     1135.527     3081.543
      25.184        0.000     1139.109     3081.543
      25.226        0.000     1139.676     3082.176
      25.266        0.000     1150.039     3082.176
      25.301        0.000     1160.266     3082.176
      25.335        0.000     1169.973     3082.176
      25.375        0.000     1180.977     3082.176
      25.410        0.000     1193.984     3082.176
      25.449        0.000     1208.285     3082.176
      25.488        0.000     1216.047     3082.176
      25.526        0.000     1231.035     3082.176
      25.565        0.000     1238.449     3082.176
      25.601        0.000     1251.961     3082.176
      25.641        0.000     1268.629     3082.176
      25.681        0.000     1278.730     3082.176
      25.718        0.000     1287.145     3082.176
      25.753        0.000     1298.645     3082.176
      25.793        0.000     1308.422     3082.176
      25.829        0.000     1320.113     3082.176
      25.866        0.000     1329.125     3082.176
      25.902        0.000     1340.254     3082.176
      25.940        0.000     1352.242     3082.176
      25.975        0.000     1360.883     3082.176
      26.015        0.000     1368.004     3082.176
      26.054        0.000     1368.023     3082.176
      26.093        0.000     1380.574     3082.176
      26.133        0.000     1380.816     3082.176
      26.174        0.000     1393.574     3082.176
      26.212        0.000     1393.926     3082.176
      26.250        0.000     1392.012     3082.262
      26.289        0.000     1410.402     3082.262
      26.325        0.000     1412.859     3082.262
      26.366        0.000     1412.859     3082.262
      26.404        0.000     1412.938     3082.402
      26.446        0.000     1428.113     3082.402
      26.479        0.000     1428.191     3082.402
      26.515        0.000     1428.258     3082.402
      26.548        0.000     1428.273     3082.402
      26.581        0.000     1443.742     3082.738
      26.620        0.000     1445.434     3082.738
      26.659        0.000     1445.434     3082.738
      26.696        0.000     1442.801     3082.840
      26.730        0.000     1458.863     3082.840
      26.766        0.000     1474.871     3082.840
      26.805        0.000     1474.875     3082.840
      26.843        0.000     1474.875     3082.840
      26.883        0.000     1475.066     3082.840
      26.918        0.000     1475.086     3082.840
      26.957        0.000     1475.246     3083.070
      26.995        0.000     1483.367     3083.070
      27.033        0.000     1507.918     3083.070
      27.071        0.000     1510.672     3083.070
      27.111        0.000     1510.672     3083.070
      27.149        0.000     1510.680     3083.070
      27.190        0.000     1510.758     3083.070
      27.231        0.000     1510.805     3083.070
      27.272        0.000     1509.230     3083.109
      27.311        0.000     1509.230     3083.109
      27.350        0.000     1513.906     3083.109
      27.387        0.000     1522.969     3083.109
      27.420        0.000     1534.043     3083.109
      27.456        0.000     1549.051     3083.109
      27.495        0.000     1562.512     3083.109
      27.536        0.000     1566.848     3083.109
      27.572        0.000     1572.523     3083.109
      27.608        0.000     1584.906     3083.109
      27.645        0.000     1592.754     3083.109
      27.680        0.000     1601.676     3083.109
      27.713        0.000     1613.672     3083.109
      27.751        0.000     1628.152     3083.109
      27.789        0.000     1632.520     3083.109
      27.829        0.000     1642.641     3083.109
      27.868        0.000     1653.910     3083.109
      27.903        0.000     1664.797     3083.109
      27.940        0.000     1671.016     3083.109
      27.976        0.000     1681.629     3083.109
      28.014        0.000     1689.539     3083.109
      28.054        0.000     1699.605     3083.109
      28.094        0.000     1704.754     3083.109
      28.133        0.000     1723.156     3083.109
      28.171        0.000     1723.156     3083.109
      28.210        0.000     1723.156     3083.109
      28.250        0.000     1723.156     3083.109
      28.290        0.000     1723.137     3083.145
      28.330        0.000     1750.617     3083.145
      28.365        0.000     1761.656     3083.145
      28.406        0.000     1763.137     3083.145
      28.468        0.000     1763.137     3083.145
      28.516        0.000     1763.180     3083.145
      28.559        0.000     1763.293     3083.145
      28.606        0.000     1763.551     3083.145
      28.642        0.000     1763.551     3083.145
      28.675        0.000     1763.551     3083.145
      28.715        0.000     1763.551     3083.145
      28.752        0.000     1762.426     3083.656
      28.790        0.000     1762.426     3083.656
      28.824        0.000     1766.867     3083.656
      28.861        0.000     1780.043     3083.656
      28.900        0.000     1787.195     3083.656
      28.930        0.000     1796.570     3083.656
      28.965        0.000     1806.398     3083.656
      29.004        0.000     1810.984     3083.656
      29.043        0.000     1817.105     3083.656
      29.081        0.000     1826.820     3083.656
      29.119        0.000     1835.789     3083.656
      29.158        0.000     1846.602     3083.656
      29.198        0.000     1850.699     3083.656
      29.236        0.000     1860.191     3083.656
      29.275        0.000     1869.102     3083.656
      29.312        0.000     1881.156     3083.656
      29.352        0.000     1883.918     3083.656
      29.390        0.000     1893.363     3083.656
      29.427        0.000     1900.094     3083.656
      29.468        0.000     1908.566     3083.656
      29.511        0.000     1915.777     3083.656
      29.556        0.000     1927.922     3083.656
      29.604        0.000     1927.922     3083.656
      29.650        0.000     1931.953     3083.656
      29.695        0.000     1949.434     3083.656
      29.737        0.000     1949.434     3083.656
      29.774        0.000     1949.434     3083.656
      29.812        0.000     1949.668     3082.891
      29.850        0.000     1966.074     3082.758
      29.888        0.000     1998.633     3082.758
      29.922        0.000     2002.586     3082.758
      29.960        0.000     2002.586     3082.758
      29.998        0.000     2002.629     3082.758
      30.040        0.000     2002.645     3082.758
      30.090        0.000     2002.645     3082.758
      30.139        0.000     2002.754     3082.758
      30.182        0.000     2003.328     3082.758
      30.228        0.000     2003.328     3082.758
      30.287        0.000     2003.328     3082.758
      30.346        0.000     2003.328     3082.758
      30.394        0.000     2003.328     3082.758
      30.442        0.000     2003.328     3082.758
      30.491        0.000     2003.328     3082.758
      30.530        0.000     2002.371     3083.570
      30.568        0.000     2002.355     3083.570
      30.604        0.000     2002.355     3083.570
      30.643        0.000     2006.980     3083.570
      30.680        0.000     2021.473     3083.570
      30.719        0.000     2032.383     3083.570
      30.758        0.000     2042.270     3083.570
      30.796        0.000     2051.891     3083.570
      30.829        0.000     2061.289     3083.570
      30.868        0.000     2073.004     3083.570
      30.905        0.000     2080.395     3083.570
      30.939        0.000     2088.277     3083.570
      30.977        0.000     2091.809     3083.570
      31.014        0.000     2100.156     3083.570
      31.052        0.000     2108.523     3083.570
      31.091        0.000     2115.727     3083.570
      31.129        0.000     2124.441     3083.570
      31.168        0.000     2130.738     3083.570
      31.206        0.000     2135.918     3083.570
      31.250        0.000     2143.152     3083.570
      31.287        0.000     2150.551     3083.570
      31.332        0.000     2161.258     3083.570
      31.374        0.000     2172.188     3083.570
      31.412        0.000     2184.629     3083.570
      31.452        0.000     2176.902     3083.570
      31.489        0.000     2168.316     3083.570
      31.525        0.000     2146.656     3083.570
      31.562        0.000     2125.570     3083.570
      31.601        0.000     2102.457     3083.570
      31.634        0.000     2075.426     3083.570
      31.670        0.000     2066.160     3083.570
      31.703        0.000     2058.637     3083.570
      31.741        0.000     2041.383     3083.570
      31.776        0.000     2028.008     3083.570
      31.814        0.000     1994.836     3083.570
      31.853        0.000     1994.836     3083.570
      31.893        0.000     1970.812     3083.570
      31.925        0.000     1970.863     3083.570
      31.964        0.000     1931.965     3083.570
      32.001        0.000     1931.965     3083.570
      32.041        0.000     1931.977     3083.570
      32.080        0.000     1915.559     3083.570
      32.116        0.000     1892.832     3083.570
      32.153        0.000     1872.008     3083.570
      32.190        0.000     1849.645     3083.570
      32.229        0.000     1833.922     3083.570
      32.266        0.000     1811.176     3083.570
      32.303        0.000     1791.172     3083.570
      32.340        0.000     1772.328     3083.570
      32.379        0.000     1758.012     3083.570
      32.422        0.000     1739.320     3083.570
      32.462        0.000     1719.781     3083.570
      32.501        0.000     1703.281     3083.570
      32.539        0.000     1686.789     3083.570
      32.580        0.000     1674.145     3083.570
      32.618        0.000     1658.414     3083.570
      32.656        0.000     1643.473     3083.570
      32.696        0.000     1636.469     3083.570
      32.734        0.000     1642.195     3083.570
      32.777        0.000     1645.305     3083.570
      32.819        0.000     1653.379     3083.570
      32.857        0.000     1660.805     3083.570
      32.896        0.000     1666.996     3083.570
      32.935        0.000     1675.582     3083.570
      32.973        0.000     1681.066     3083.570
      33.017        0.000     1685.559     3083.570
      33.065        0.000     1688.469     3083.570
      33.110        0.000     1692.059     3083.570
      33.158        0.000     1695.602     3083.570
      33.205        0.000     1700.074     3083.570
      33.252        0.000     1703.434     3083.570
      33.299        0.000     1708.844     3083.570
      33.340        0.000     1718.992     3083.570
      33.376        0.000     1733.395     3083.570
      33.416        0.000     1739.820     3083.570
      33.452        0.000     1739.820     3083.570
      33.492        0.000     1750.727     3083.570
      33.534        0.000     1752.820     3083.570
      33.571        0.000     1765.734     3083.570
      33.610        0.000     1765.742     3083.570
      33.647        0.000     1765.742     3083.570
      33.683        0.000     1788.320     3083.570
      33.718        0.000     1792.281     3083.570
      33.755        0.000     1792.281     3083.570
      33.793        0.000     1792.281     3083.570
      33.829        0.000     1792.281     3083.570
      33.891        0.000     1792.281     3083.570
      33.950        0.000     1792.297     3083.570
      34.010        0.000     1792.297     3083.570
      34.083        0.000     1792.297     3083.570
      34.248        0.000     1795.242     3083.570
      34.302        0.000     1800.215     3083.570
      34.349        0.000     1807.551     3083.570
      34.390        0.000     1816.395     3083.570
      34.428        0.000     1824.301     3083.570
      34.491        0.000     1826.219     3083.570
      34.622        0.000     1827.086     3083.570
      34.691        0.000     1829.852     3083.570
      34.755        0.000     1832.824     3083.570
      34.806        0.000     1838.812     3083.570
      34.851        0.000     1843.902     3083.570
      34.890        0.000     1848.902     3083.570
      34.933        0.000     1852.941     3083.570
      34.973        0.000     1857.797     3083.570
      35.016        0.000     1865.859     3083.570
      35.055        0.000     1883.102     3083.570
      35.093        0.000     1883.102     3083.570
      35.136        0.000     1896.383     3083.570
      35.175        0.000     1932.199     3083.570
      35.214        0.000     1934.234     3083.570
      35.253        0.000     1934.234     3083.570
      35.294        0.000     1934.234     3083.570
      35.335        0.000     1934.250     3083.570
      35.374        0.000     1934.270     3083.570
      35.413        0.000     1934.270     3083.570
      35.451        0.000     1934.270     3083.570
      35.487        0.000     1934.305     3083.570
      35.525        0.000     1934.305     3083.570
      35.563        0.000     1934.305     3083.570
      35.600        0.000     1934.305     3083.570
      35.636        0.000     1934.305     3083.570
      35.676        0.000     1948.820     3083.570
      35.712        0.000     1998.797     3083.570
      35.751        0.000     2045.570     3083.570
      35.783        0.000     2095.414     3083.570
      35.819        0.000     2116.855     3084.945
      35.859        0.000     2124.762     3084.945
      35.898        0.000     2124.762     3084.945
      35.931        0.000     2124.762     3084.945
      35.971        0.000     2124.762     3084.945
      36.010        0.000     2124.762     3084.945
      36.047        0.000     2124.762     3084.945
      36.084        0.000     2124.762     3084.945
      36.128        0.000     2124.762     3084.945
      36.168        0.000     2124.766     3084.945
      36.209        0.000     2124.766     3084.945
      36.248        0.000     2124.766     3084.945
      36.288        0.000     2124.773     3084.945
      36.327        0.000     2130.234     3084.945
      36.365        0.000     2130.254     3084.945
      36.407        0.000     2130.301     3084.945
      36.451        0.000     2130.301     3084.945
      36.496        0.000     2131.621     3085.992
      36.535        0.000     2136.457     3085.992
      36.583        0.000     2152.078     3085.992
      36.638        0.000     2152.078     3085.992
      36.693        0.000     2152.078     3085.992
      36.728        0.000     2152.078     3085.992
      36.766        0.000     2152.078     3085.992
      36.803        0.000     2152.078     3085.992
      36.840        0.000     2152.078     3085.992
      36.879        0.000     2152.082     3085.992
      36.920        0.000     2152.086     3085.992
      36.958        0.000     2152.086     3085.992
      36.997        0.000     2152.086     3085.992
      37.036        0.000     2152.086     3085.992
      37.075        0.000     2152.086     3085.992
      37.113        0.000     2152.086     3085.992
      37.155        0.000     2152.086     3085.992
      37.194        0.000     2152.086     3085.992
      37.231        0.000     2152.086     3085.992
      37.272        0.000     2152.430     3085.992
      37.311        0.000     2152.645     3085.992
      37.349        0.000     2152.645     3085.992
      37.386        0.000     2152.645     3085.992
      37.426        0.000     2152.645     3085.992
      37.466        0.000     2152.645     3085.992
      37.508        0.000     2152.645     3085.992
      37.550        0.000     2152.645     3085.992
      37.593        0.000     2152.645     3085.992
      37.635        0.000     2152.645     3085.992
      37.680        0.000     2152.645     3085.992
      37.720        0.000     2152.645     3085.992
      37.757        0.000     2152.645     3085.992
      37.796        0.000     2152.645     3085.992
      37.838        0.000     2152.645     3085.992
      37.878        0.000     2152.645     3085.992
      37.915        0.000     2152.645     3085.992
      37.954        0.000     2152.645     3085.992
      37.996        0.000     2152.645     3085.992
      38.042        0.000     2156.793     3085.992
      38.073        0.000     2032.953     2850.227
      38.110        0.000     2043.148     2850.227
      38.144        0.000     2043.266     2850.227
      38.174        0.000     2043.266     2850.227
      38.208        0.000     2053.242     2874.469
      38.243        0.000     2077.250     2874.469
      38.277        0.000     2082.723     2874.469
      38.313        0.000     2085.629     2874.469
      38.352        0.000     2088.129     2874.469
      38.391        0.000     2088.129     2874.469
      38.431        0.000     2088.133     2874.469
      38.474        0.000     2088.133     2874.469
      38.509        0.000     2088.133     2874.469
      38.546        0.000     2088.141     2874.469
      38.593        0.000     2088.141     2874.469
      38.635        0.000     2088.141     2874.469
      38.672        0.000     2088.141     2874.469
      38.721        0.000     2088.141     2874.469
      38.764        0.000     2088.141     2874.469
      38.799        0.000     2091.223     2874.469
      38.835        0.000     1939.336     2788.344
      38.869        0.000     1690.625     2788.344
      38.902        0.000     1348.625     2788.344
      38.938        0.000     1054.461     2788.344
      38.973        0.000      774.625     2788.344
      39.009        0.000      477.441     2788.344
      39.043        0.000      218.625     2788.344
      39.079        0.000      102.652      790.926
      39.112        0.000      104.262      790.926
      39.147        0.000      105.262      790.926
      39.179        0.000      108.898      803.047
      39.213        0.000      123.535      805.035
      39.251        0.000      124.625      792.914
      39.284        0.000      126.773      792.914
      39.319        0.000      153.590      922.160
      39.357        0.000      195.172      922.160
      39.394        0.000      232.828      922.160
      39.429        0.000      265.348      922.160
      39.465        0.000      293.906      922.160
      39.495        0.000      323.246      922.160
      39.525        0.000      352.762      922.160
      39.555        0.000      377.266      922.160
      39.585        0.000      256.844      792.914
      39.618        0.000      258.918      792.914
      39.652        0.000      262.980      792.914
      39.682        0.000      265.000      792.914
      39.714        0.000      266.887      792.914
      39.747        0.000      266.887      792.914
      39.780        0.000      266.887      792.914
      39.812        0.000      266.887      792.914
      39.845        0.000      267.688      792.914
      39.879        0.000      102.809      627.301
      39.920        0.000      104.199      627.301
      39.955        0.000      105.695      627.301
      39.988        0.000      106.922      627.301
      40.021        0.000      108.672      627.301
      40.053        0.000      110.098      627.430
      40.085        0.000      112.379      627.430
      40.118        0.000      117.262      627.430
      40.150        0.000      121.598      627.691
      40.182        0.000      126.004      627.691
      40.213        0.000      129.223      627.691
      40.246        0.000      132.289      627.691
      40.281        0.000      136.301      627.953
      40.312        0.000      139.953      627.953
      40.342        0.000      143.559      628.215
      40.392        0.000      146.496      628.215
      40.426        0.000      149.371      628.215
      40.457        0.000      153.465      629.000
      40.490        0.000      156.633      629.137
      40.521        0.000      160.320      629.398
      40.553        0.000      163.652      629.398
      40.586        0.000      166.812      629.660
      40.618        0.000      170.059      629.660
      40.648        0.000      174.082      629.922
      40.679        0.000      177.785      629.922
      40.709        0.000      180.082      629.922
      40.741        0.000      180.082      629.922
      40.771        0.000      182.578      629.922
      40.801        0.000      190.059      629.922
      40.830        0.000      192.980      629.922
      40.862        0.000      199.242      629.781
      40.895        0.000      207.977      630.277
      40.931        0.000      214.062      632.637
      40.966        0.000      216.410      633.363
      40.998        0.000      218.555      633.875
      41.030        0.000      221.148      634.203
      41.067        0.000      222.945      634.348
      41.100        0.000      226.254      604.230
      41.132        0.000      233.504      604.230
      41.166        0.000      249.328      604.230
      41.200        0.000      246.992      593.293
      41.232        0.000      249.148      593.352
      41.266        0.000      252.559      593.422
      41.319        0.000      253.516      593.422
      41.380        0.000      253.516      593.422
      41.432        0.000      253.516      593.422
      41.471        0.000      253.516      593.422
      41.508        0.000      253.516      593.422
      41.545        0.000      253.516      593.422
      41.581        0.000      253.605      593.422
      41.616        0.000      253.605      593.422
      41.651        0.000      253.496      593.422
      41.687        0.000      253.430      593.422
      41.723        0.000      253.430      593.422
      41.754        0.000      253.430      593.422
      41.785        0.000      253.430      593.422
      41.814        0.000      253.430      593.422
      41.844        0.000      253.430      593.422
      41.874        0.000      253.430      593.422
      41.904        0.000      253.430      593.422
      41.937        0.000      253.430      593.422
      41.967        0.000      253.430      593.422
      41.997        0.000      253.430      593.422
      42.029        0.000      253.430      593.422
      42.058        0.000      253.430      593.422
      42.088        0.000      253.430      593.422
      42.117        0.000      253.430      593.422
      42.146        0.000      253.430      593.422
      42.181        0.000      253.430      593.422
      42.211        0.000      253.430      593.422
      42.240        0.000      253.430      593.422
      42.271        0.000      253.430      593.422
      42.302        0.000      253.430      593.422
      42.332        0.000      254.070      593.504
      42.363        0.000      254.207      593.426
      42.392        0.000      254.207      593.426
      42.421        0.000      254.207      593.426
      42.450        0.000      254.188      593.305
      42.480        0.000      254.188      593.305
      42.510        0.000      254.188      593.305
      42.538        0.000      254.188      593.305
      42.567        0.000      254.188      593.305
      42.596        0.000      254.188      593.305
      42.625        0.000      254.188      593.305
      42.654        0.000      254.188      593.305
      42.682        0.000      254.188      593.305
      42.712        0.000      254.188      593.305
      42.740        0.000      254.188      593.305
      42.769        0.000      254.527      593.270
      42.798        0.000      257.082      593.293
      42.830        0.000      261.992      593.293
      42.860        0.000      264.746      593.293
      42.891        0.000      268.676      593.422
      42.921        0.000      267.879      591.340
      42.951        0.000      273.164      591.340
      42.981        0.000      282.770      591.340
      43.011        0.000      294.707      591.340
      43.042        0.000      308.984      591.340
      43.073        0.000      322.215      591.340
      43.103        0.000      332.047      591.340
      43.135        0.000      324.797      577.980
      43.165        0.000      325.539      577.961
      43.196        0.000      327.125      577.961
      43.227        0.000      325.008      573.410
      43.258        0.000      318.133      566.668
      43.297        0.000      320.277      566.707
      43.338        0.000      321.160      566.742
      43.380        0.000      321.629      566.742
      43.419        0.000      323.066      566.824
      43.458        0.000      324.719      566.824
      43.500        0.000      317.574      560.484
      43.539        0.000      314.223      551.566
      43.578        0.000      316.199      551.891
      43.618        0.000      297.516      529.746
      43.660        0.000      293.145      522.570
      43.701        0.000      269.273      504.828
      43.741        0.000      270.004      504.828
      43.781        0.000      270.699      504.828
      43.823        0.000      246.934      481.598
      43.861        0.000        9.426        4.949
      43.910        0.000        3.770        3.500
      43.941        0.000        0.840        2.086
