# Elapsed time   CPU (%)     Real (MB)   Virtual (MB)
       0.000        0.000       23.754       12.273
       0.034        0.000       27.539       12.641
       0.062        0.000       28.699       12.723
       0.090        0.000       30.152       12.742
       0.118        0.000       30.609       12.773
       0.146        0.000       34.145       14.234
       0.174        0.000       35.918       15.848
       0.197        0.000       35.918       15.848
       0.229        0.000       35.918       15.848
       0.260        0.000       35.918       15.848
       0.291        0.000       35.918       15.848
       0.322        0.000       35.926       15.855
       0.354        0.000       35.965       15.902
       0.385        0.000       36.234       15.996
       0.416        0.000       39.004       16.410
       0.447        0.000       39.363       16.410
       0.479        0.000       39.289       16.410
       0.510        0.000       38.883       16.410
       0.542        0.000       39.297       16.410
       0.573        0.000       38.926       16.410
       0.605        0.000       39.164       16.410
       0.636        0.000       39.355       16.410
       0.667        0.000       38.902       16.395
       0.698        0.000       38.898       16.395
       0.730        0.000       40.691       27.355
       0.761        0.000       42.754       24.941
       0.792        0.000       44.750       64.109
       0.824        0.000       46.332       64.109
       0.855        0.000       47.543       64.109
       0.886        0.000       50.500       27.855
       0.917        0.000       51.965       28.320
       0.949        0.000       54.305       28.816
       0.980        0.000       56.820       29.172
       1.011        0.000       58.141       29.273
       1.040        0.000       60.531       29.770
       1.091        0.000       60.621       29.770
       1.122        0.000       61.855       30.695
       1.153        0.000       62.965       30.543
       1.185        0.000       63.121       30.715
       1.216        0.000       63.793       31.805
       1.247        0.000       63.992       32.070
       1.288        0.000       63.996       32.008
       1.319        0.000       63.887       31.898
       1.350        0.000       64.062       31.414
       1.382        0.000       64.656       32.605
       1.413        0.000       64.676       32.141
       1.444        0.000       64.902       32.750
       1.475        0.000       64.828       32.988
       1.507        0.000       65.148       33.121
       1.536        0.000       65.273       32.629
       1.559        0.000       65.164       33.070
       1.591        0.000       65.438       33.398
       1.622        0.000       65.957       33.395
       1.653        0.000       67.133       32.883
       1.684        0.000       68.270       33.523
       1.716        0.000       70.098       34.047
       1.747        0.000       71.984       35.004
       1.778        0.000       72.996       41.227
       1.809        0.000       75.094       36.410
       1.841        0.000       77.074       38.000
       1.872        0.000       77.105       38.023
       1.903        0.000       77.117       38.035
       1.934        0.000       77.137       38.055
       1.966        0.000       77.199       38.125
       1.997        0.000       78.125       38.844
       2.029        0.000       78.562       38.867
       2.056        0.000       78.906       38.988
       2.088        0.000       78.938       39.027
       2.119        0.000       78.938       39.027
       2.150        0.000       78.961       39.047
       2.182        0.000       78.973       39.055
       2.213        0.000       78.973       39.055
       2.244        0.000       79.004       39.094
       2.275        0.000       79.012       39.094
       2.306        0.000       79.031       39.113
       2.337        0.000       79.039       39.121
       2.369        0.000       79.059       39.141
       2.400        0.000       79.062       39.145
       2.431        0.000       79.184       39.277
       2.463        0.000       82.043       40.914
       2.502        0.000       89.258       46.719
       2.538        0.000       98.332       54.547
       2.574        0.000      103.199       57.035
       2.605        0.000      106.441       60.250
       2.636        0.000      109.062       62.406
       2.668        0.000      115.953       68.359
       2.699        0.000      121.676       78.133
       2.730        0.000      128.164       84.242
       2.761        0.000      132.703       88.766
       2.793        0.000      139.789       95.977
       2.839        0.000      143.484       99.645
       2.871        0.000      147.027      103.141
       2.902        0.000      152.867      109.105
       2.949        0.000      159.152      114.875
       2.980        0.000      163.473      119.195
       3.025        0.000      168.676      124.367
       3.073        0.000      168.676      124.367
       3.104        0.000      168.676      124.367
       3.135        0.000      168.676      124.367
       3.167        0.000      168.676      124.367
       3.198        0.000      168.742      124.441
       3.229        0.000      168.820      124.516
       3.260        0.000      168.953      124.535
       3.292        0.000      169.094      124.672
       3.323        0.000      169.191      124.781
       3.354        0.000      169.191      124.781
       3.386        0.000      169.191      124.781
       3.417        0.000      169.227      124.816
       3.448        0.000      169.258      124.891
       3.479        0.000      169.289      124.891
       3.509        0.000      169.352      124.961
       3.537        0.000      169.387      124.980
       3.557        0.000      169.387      124.980
       3.588        0.000      169.457      125.055
       3.620        0.000      169.754      125.355
       3.651        0.000      171.324      126.984
       3.682        0.000      173.699      129.441
       3.713        0.000      173.699      129.441
       3.745        0.000      173.699      129.441
       3.776        0.000      173.699      129.441
       3.807        0.000      173.707      129.441
       3.838        0.000      173.699      129.441
       3.870        0.000      173.711      129.441
       3.901        0.000      173.910      129.715
       3.932        0.000      173.910      129.715
       3.963        0.000      173.910      129.715
       3.995        0.000      173.910      129.715
       4.026        0.000      173.910      129.715
       4.058        0.000      173.977      129.789
       4.089        0.000      173.977      129.789
       4.120        0.000      173.977      129.789
       4.152        0.000      174.105      129.926
       4.183        0.000      174.105      129.926
       4.214        0.000      174.105      129.926
       4.245        0.000      174.105      129.926
       4.277        0.000      174.172      130.000
       4.308        0.000      174.172      130.000
       4.339        0.000      174.301      130.141
       4.370        0.000      174.301      130.141
       4.402        0.000      174.301      130.141
       4.433        0.000      174.367      130.215
       4.464        0.000      174.367      130.215
       4.495        0.000      174.723      130.551
       4.527        0.000      174.715      130.551
       4.559        0.000      174.715      130.551
       4.590        0.000      175.309      131.160
       4.622        0.000      175.309      131.160
       4.653        0.000      175.309      131.160
       4.684        0.000      175.309      131.160
       4.716        0.000      175.406      131.234
       4.747        0.000      175.406      131.234
       4.778        0.000      175.406      131.234
       4.806        0.000      175.602      131.445
       4.837        0.000      175.602      131.445
       4.864        0.000      175.602      131.445
       4.884        0.000      175.602      131.445
       4.915        0.000      175.602      131.445
       4.947        0.000      175.668      131.520
       4.978        0.000      175.797      131.656
       5.011        0.000      176.328      132.191
       5.039        0.000      176.328      132.191
       5.059        0.000      176.328      132.191
       5.106        0.000      176.328      132.191
       5.137        0.000      176.328      132.191
       5.168        0.000      176.328      132.191
       5.199        0.000      176.328      132.191
       5.231        0.000      176.328      132.191
       5.262        0.000      176.328      132.191
       5.293        0.000      176.328      132.191
       5.324        0.000      176.328      132.191
       5.355        0.000      176.328      132.191
       5.387        0.000      176.328      132.191
       5.418        0.000      176.398      132.266
       5.449        0.000      176.398      132.266
       5.480        0.000      176.402      132.270
       5.512        0.000      176.402      132.270
       5.540        0.000      176.402      132.270
       5.572        0.000      176.402      132.270
       5.603        0.000      176.402      132.270
       5.634        0.000      176.402      132.270
       5.665        0.000      176.402      132.270
       5.696        0.000      176.734      132.609
       5.728        0.000      176.734      132.609
       5.759        0.000      176.738      132.609
       5.790        0.000      176.809      132.684
       5.821        0.000      177.137      133.031
       5.852        0.000      177.180      133.098
       5.884        0.000      177.180      133.098
       5.915        0.000      177.180      133.098
       5.946        0.000      177.180      133.098
       5.978        0.000      177.180      133.098
       6.006        0.000      177.184      133.098
       6.035        0.000      177.184      133.098
       6.059        0.000      177.184      133.098
       6.090        0.000      177.184      133.098
       6.121        0.000      177.184      133.098
       6.152        0.000      177.184      133.098
       6.184        0.000      177.246      133.172
       6.215        0.000      177.391      133.430
       6.246        0.000      177.520      133.566
       6.277        0.000      177.602      133.641
       6.309        0.000      177.602      133.641
       6.340        0.000      177.602      133.641
       6.371        0.000      177.660      133.641
       6.402        0.000      177.660      133.641
       6.434        0.000      177.660      133.641
       6.465        0.000      177.664      133.641
       6.496        0.000      177.664      133.641
       6.528        0.000      177.664      133.641
       6.556        0.000      177.727      133.707
       6.587        0.000      177.758      133.742
       6.619        0.000      177.883      133.871
       6.650        0.000      177.957      133.945
       6.681        0.000      177.957      133.945
       6.712        0.000      177.957      133.945
       6.744        0.000      177.957      133.945
       6.775        0.000      177.957      133.945
       6.806        0.000      177.957      133.945
       6.838        0.000      177.957      133.945
       6.869        0.000      178.152      134.160
       6.900        0.000      178.152      134.160
       6.931        0.000      178.152      134.160
       6.962        0.000      178.215      134.227
       6.994        0.000      178.215      134.227
       7.022        0.000      178.215      134.227
       7.058        0.000      178.215      134.227
       7.094        0.000      178.215      134.227
       7.125        0.000      178.215      134.227
       7.157        0.000      178.215      134.227
       7.188        0.000      178.344      134.363
       7.219        0.000      178.344      134.363
       7.250        0.000      178.430      134.469
       7.282        0.000      178.430      134.469
       7.313        0.000      178.430      134.469
       7.344        0.000      178.555      134.598
       7.376        0.000      178.562      134.598
       7.407        0.000      178.555      134.598
       7.438        0.000      178.555      134.598
       7.469        0.000      178.555      134.598
       7.501        0.000      178.555      134.598
       7.528        0.000      178.555      134.598
       7.556        0.000      178.555      134.598
       7.587        0.000      178.555      134.598
       7.619        0.000      178.750      134.809
       7.650        0.000      178.750      134.809
       7.681        0.000      178.750      134.809
       7.713        0.000      178.750      134.809
       7.744        0.000      178.750      134.809
       7.775        0.000      178.750      134.809
       7.806        0.000      178.750      134.809
       7.837        0.000      179.512      135.574
       7.869        0.000      179.512      135.574
       7.900        0.000      179.512      135.574
       7.931        0.000      179.512      135.574
       7.962        0.000      179.512      135.574
       7.994        0.000      179.512      135.574
       8.025        0.000      179.961      136.051
       8.057        0.000      179.961      136.051
       8.089        0.000      179.961      136.051
       8.120        0.000      180.027      136.125
       8.151        0.000      180.027      136.125
       8.183        0.000      180.027      136.125
       8.214        0.000      180.219      136.328
       8.245        0.000      180.348      136.465
       8.276        0.000      180.348      136.465
       8.307        0.000      180.348      136.465
       8.338        0.000      180.348      136.465
       8.370        0.000      180.348      136.465
       8.401        0.000      180.348      136.465
       8.432        0.000      180.348      136.465
       8.463        0.000      180.348      136.465
       8.495        0.000      180.348      136.465
       8.523        0.000      180.348      136.465
       8.559        0.000      180.348      136.465
       8.590        0.000      180.348      136.465
       8.622        0.000      180.414      136.465
       8.653        0.000      180.480      136.539
       8.684        0.000      180.480      136.539
       8.716        0.000      180.758      136.832
       8.747        0.000      180.945      137.043
       8.778        0.000      180.945      137.043
       8.808        0.000      180.945      137.043
       8.840        0.000      180.945      137.043
       8.868        0.000      180.945      137.043
       8.897        0.000      180.957      137.043
       8.925        0.000      180.969      137.043
       8.953        0.000      180.969      137.043
       8.979        0.000      180.969      137.043
       9.007        0.000      180.969      137.043
       9.035        0.000      181.082      137.172
       9.063        0.000      181.090      137.172
       9.091        0.000      181.102      137.172
       9.119        0.000      181.102      137.172
       9.147        0.000      181.207      137.301
       9.176        0.000      181.207      137.301
       9.195        0.000      181.219      137.301
       9.227        0.000      181.230      137.301
       9.258        0.000      181.230      137.301
       9.289        0.000      181.230      137.301
       9.320        0.000      181.230      137.301
       9.352        0.000      181.230      137.301
       9.383        0.000      181.297      137.375
       9.414        0.000      181.297      137.375
       9.445        0.000      181.297      137.375
       9.476        0.000      181.430      137.504
       9.508        0.000      181.430      137.504
       9.536        0.000      181.438      137.504
       9.572        0.000      181.500      137.578
       9.603        0.000      181.500      137.578
       9.634        0.000      181.500      137.578
       9.665        0.000      181.500      137.578
       9.697        0.000      181.500      137.578
       9.728        0.000      181.500      137.578
       9.759        0.000      181.500      137.578
       9.790        0.000      181.500      137.578
       9.822        0.000      181.512      137.594
       9.853        0.000      181.512      137.594
       9.884        0.000      181.527      137.609
       9.916        0.000      181.527      137.609
       9.947        0.000      181.527      137.609
       9.978        0.000      181.527      137.609
      10.009        0.000      181.543      137.625
      10.043        0.000      181.543      137.625
      10.074        0.000      181.594      137.699
      10.106        0.000      181.617      137.699
      10.137        0.000      181.750      137.836
      10.168        0.000      181.750      137.836
      10.200        0.000      181.762      137.852
      10.231        0.000      181.875      137.980
      10.262        0.000      181.887      137.980
      10.293        0.000      182.027      138.121
      10.324        0.000      182.027      138.121
      10.356        0.000      182.027      138.121
      10.387        0.000      182.094      138.195
      10.418        0.000      182.094      138.195
      10.449        0.000      183.176      139.262
      10.480        0.000      185.234      141.422
      10.512        0.000      185.766      141.938
      10.540        0.000      186.496      142.723
      10.572        0.000      188.086      145.648
      10.603        0.000      189.383      146.672
      10.634        0.000      190.500      147.340
      10.665        0.000      191.891      148.246
      10.697        0.000      192.914      148.766
      10.728        0.000      194.629      149.855
      10.759        0.000      196.699      150.984
      10.791        0.000      198.859      152.324
      10.822        0.000      200.766      153.422
      10.853        0.000      202.320      154.133
      10.884        0.000      204.734      155.598
      10.916        0.000      207.453      158.316
      10.947        0.000      209.727      159.531
      10.978        0.000      211.562      160.660
      11.004        0.000      213.516      160.734
      11.035        0.000      214.855      162.367
      11.059        0.000      215.336      162.379
      11.090        0.000      217.391      196.547
      11.122        0.000      218.820      199.391
      11.150        0.000      221.809      295.523
      11.184        0.000      222.723      295.613
      11.215        0.000      224.145      311.812
      11.246        0.000      225.207      312.062
      11.278        0.000      225.863      312.062
      11.309        0.000      226.480      312.109
      11.340        0.000      226.707      312.109
      11.371        0.000      226.988      312.109
      11.403        0.000      227.445      312.109
      11.434        0.000      227.871      312.109
      11.465        0.000      228.246      312.109
      11.496        0.000      232.352      313.945
      11.529        0.000      234.070      315.125
      11.556        0.000      234.188      315.125
      11.588        0.000      235.023      315.602
      11.619        0.000      235.633      315.617
      11.650        0.000      235.633      315.617
      11.681        0.000      235.633      315.617
      11.713        0.000      236.859      316.246
      11.744        0.000      238.176      316.707
      11.775        0.000      238.770      316.824
      11.806        0.000      240.734      317.680
      11.853        0.000      240.734      317.680
      11.884        0.000      241.074      317.680
      11.931        0.000      247.215      320.113
      11.978        0.000      247.215      320.113
      12.006        0.000      249.719      320.695
      12.062        0.000      251.730      321.273
      12.093        0.000      251.730      321.273
      12.124        0.000      258.270      325.816
      12.202        0.000      259.258      326.879
      12.233        0.000      258.258      325.527
      12.265        0.000      259.344      326.535
      12.296        0.000      259.344      326.535
      12.327        0.000      260.070      327.406
      12.390        0.000      260.070      327.406
      12.421        0.000      261.875      327.406
      12.468        0.000      262.836      327.871
      12.499        0.000      264.117      329.309
      12.531        0.000      264.258      329.219
      12.559        0.000      262.262      327.863
      12.590        0.000      262.574      328.203
      12.621        0.000      264.332      330.188
      12.668        0.000      264.332      330.188
      12.699        0.000      264.363      330.188
      12.731        0.000      264.375      330.188
      12.762        0.000      264.375      330.188
      12.793        0.000      264.488      330.105
      12.828        0.000      264.488      330.105
      12.856        0.000      264.488      330.105
      12.884        0.000      264.488      330.105
      12.912        0.000      264.488      330.105
      12.944        0.000      265.391      331.527
      12.980        0.000      266.203      332.363
      13.008        0.000      266.203      332.363
      13.036        0.000      266.293      332.539
      13.072        0.000      268.574      335.430
      13.108        0.000      273.297      340.645
      13.144        0.000      275.227      342.695
      13.196        0.000      272.473      340.086
      13.227        0.000      272.473      340.086
      13.258        0.000      272.473      340.086
      13.290        0.000      272.523      340.238
      13.321        0.000      275.965      345.832
      13.352        0.000      279.254      351.379
      13.399        0.000      281.020      355.445
      13.430        0.000      281.766      356.336
      13.461        0.000      283.773      357.988
      13.499        0.000      296.172      368.902
      13.535        0.000      305.613      381.273
      13.575        0.000      319.488      395.266
      13.606        0.000      331.992      405.113
      13.637        0.000      343.379      418.641
      13.668        0.000      347.492      423.402
      13.700        0.000      351.008      425.137
      13.746        0.000      354.234      427.379
      13.793        0.000      351.602      424.488
      13.840        0.000      353.414      426.992
      13.871        0.000      355.363      428.160
      13.903        0.000      355.926      428.664
      13.934        0.000      356.180      428.977
      13.965        0.000      359.094      430.297
      13.996        0.000      359.273      430.320
      14.028        0.000      359.637      430.816
      14.056        0.000      360.215      431.449
      14.103        0.000      361.953      442.738
      14.134        0.000      362.668      443.762
      14.165        0.000      363.051      444.074
      14.197        0.000      363.672      444.641
      14.228        0.000      367.039      445.961
      14.259        0.000      367.473      446.336
      14.290        0.000      367.863      446.840
      14.322        0.000      368.246      447.223
      14.353        0.000      369.566      447.547
      14.384        0.000      371.047      447.797
      14.415        0.000      371.734      448.172
      14.447        0.000      372.281      448.484
      14.478        0.000      373.969      449.555
      14.519        0.000      376.355      451.430
      14.559        0.000      376.520      451.988
      14.590        0.000      375.117      450.191
      14.622        0.000      375.117      450.191
      14.653        0.000      375.141      450.191
      14.684        0.000      379.875      463.426
      14.731        0.000      380.387      464.055
      14.762        0.000      380.891      464.430
      14.793        0.000      381.262      464.934
      14.825        0.000      381.598      465.059
      14.856        0.000      381.879      465.500
      14.887        0.000      382.133      465.691
      14.934        0.000      382.605      466.051
      14.981        0.000      383.121      466.527
      15.012        0.000      383.121      466.527
      15.056        0.000      383.844      467.242
      15.103        0.000      384.570      468.086
      15.135        0.000      385.148      468.711
      15.166        0.000      385.816      469.168
      15.197        0.000      386.547      469.762
      15.228        0.000      386.996      470.316
      15.260        0.000      387.598      470.848
      15.291        0.000      388.020      471.223
      15.322        0.000      388.508      471.484
      15.353        0.000      388.957      471.840
      15.385        0.000      389.277      472.215
      15.416        0.000      389.727      472.777
      15.447        0.000      390.590      473.863
      15.478        0.000      390.902      473.863
      15.509        0.000      391.465      474.480
      15.559        0.000      391.531      474.480
      15.591        0.000      392.070      474.793
      15.622        0.000      397.578      476.426
      15.653        0.000      398.105      476.973
      15.684        0.000      402.199      498.113
      15.716        0.000      402.277      498.113
      15.747        0.000      402.949      498.789
      15.778        0.000      404.914      500.820
      15.809        0.000      406.809      499.984
      15.841        0.000      410.988      501.246
      15.909        0.000      413.207      501.805
      15.961        0.000      414.023      501.973
      16.005        0.000      415.031      502.730
      16.049        0.000      416.949      503.605
      16.089        0.000      417.824      504.938
      16.125        0.000      418.668      505.289
      16.165        0.000      418.910      505.289
      16.201        0.000      421.031      506.434
      16.237        0.000      429.973      524.676
      16.281        0.000      431.836      525.273
      16.321        0.000      432.539      526.055
      16.365        0.000      432.539      526.055
      16.405        0.000      432.676      526.180
      16.445        0.000      432.852      526.367
      16.481        0.000      433.070      526.367
      16.517        0.000      438.355      531.539
      16.557        0.000      444.617      539.469
      16.597        0.000      445.266      540.168
      16.633        0.000      445.391      540.297
      16.669        0.000      446.059      540.949
      16.701        0.000      447.559      542.512
      16.724        0.000      449.289      544.371
      16.756        0.000      450.863      545.969
      16.787        0.000      451.832      546.961
      16.818        0.000      453.281      548.484
      16.849        0.000      455.449      550.691
      16.881        0.000      456.672      551.965
      16.912        0.000      458.223      553.574
      16.943        0.000      459.098      554.074
      16.974        0.000      459.895      554.102
      17.006        0.000      460.312      554.137
      17.037        0.000      460.922      554.523
      17.068        0.000      464.730      557.230
      17.099        0.000      470.988      562.859
      17.140        0.000      473.484      564.863
      17.172        0.000      477.168      567.969
      17.203        0.000      480.133      570.852
      17.234        0.000      479.863      570.043
      17.265        0.000      481.641      571.340
      17.297        0.000      480.750      569.926
      17.328        0.000      482.477      571.656
      17.359        0.000      484.246      572.137
      17.390        0.000      490.113      573.008
      17.422        0.000      494.988      585.750
      17.453        0.000      494.359      584.688
      17.484        0.000      494.949      584.688
      17.515        0.000      496.004      585.691
      17.547        0.000      500.168      585.719
      17.578        0.000      502.469      585.887
      17.609        0.000      504.117      583.008
      17.640        0.000      504.887      583.320
      17.672        0.000      505.730      583.395
      17.703        0.000      505.965      583.465
      17.734        0.000      505.965      583.465
      17.765        0.000      506.023      712.750
      17.798        0.000      506.137      583.504
      17.826        0.000      506.137      583.504
      17.854        0.000      506.137      583.504
      17.886        0.000      506.137      583.504
      17.914        0.000      506.137      583.504
      17.946        0.000      506.137      583.504
      17.974        0.000      506.137      583.504
      18.002        0.000      506.137      583.504
      18.030        0.000      506.137      583.504
      18.062        0.000      506.078      583.363
      18.098        0.000      506.078      583.363
      18.130        0.000      506.078      583.363
      18.158        0.000      506.078      583.363
      18.198        0.000      506.078      583.363
      18.229        0.000      506.195      583.363
      18.260        0.000      506.395      583.363
      18.291        0.000      507.141      654.465
      18.323        0.000      507.137      583.781
      18.354        0.000      507.137      583.781
      18.385        0.000      507.137      583.781
      18.416        0.000      507.137      583.781
      18.448        0.000      507.137      583.781
      18.479        0.000      507.137      583.781
      18.510        0.000      507.137      583.781
      18.541        0.000      507.137      583.781
      18.573        0.000      507.137      583.781
      18.604        0.000      507.137      583.781
      18.635        0.000      507.137      583.781
      18.666        0.000      507.137      583.781
      18.698        0.000      507.137      583.781
      18.729        0.000      508.996      742.340
      18.760        0.000      512.324      742.340
      18.791        0.000      515.461      742.340
      18.822        0.000      518.637      742.340
      18.854        0.000      521.957      742.340
      18.885        0.000      525.348      742.340
      18.916        0.000      528.258      742.340
      18.947        0.000      531.141      742.340
      18.979        0.000      534.527      742.340
      19.010        0.000      545.395      742.340
      19.041        0.000      575.641      742.340
      19.072        0.000      570.867      742.340
      19.104        0.000      568.098      719.121
      19.135        0.000      570.453      719.121
      19.166        0.000      582.242      719.121
      19.197        0.000      593.598      713.059
      19.229        0.000      607.215      713.059
      19.260        0.000      623.574      713.059
      19.291        0.000      648.000      725.180
      19.322        0.000      660.879      737.328
      19.354        0.000      679.672      761.570
      19.385        0.000      673.043      749.449
      19.416        0.000      660.949      737.328
      19.447        0.000      697.316      858.531
      19.479        0.000      721.480      894.895
      19.510        0.000      750.223      988.801
      19.541        0.000      783.551      988.801
      19.572        0.000      830.484      988.801
      19.604        0.000      852.648      988.801
      19.635        0.000      853.273      988.801
      19.666        0.000      853.363      988.801
      19.697        0.000      853.363      988.801
      19.729        0.000      853.363      988.801
      19.760        0.000      853.363      988.801
      19.791        0.000      853.363      988.801
      19.822        0.000      854.090      988.801
      19.853        0.000      855.766      988.801
      19.885        0.000      856.297      988.801
      19.916        0.000      857.453      988.801
      19.947        0.000      858.684      988.801
      19.978        0.000      859.730      988.801
      20.010        0.000      860.652      988.801
      20.041        0.000      861.785      988.801
      20.072        0.000      862.789      988.801
      20.103        0.000      863.695      988.801
      20.135        0.000      864.895      988.801
      20.166        0.000      866.680      988.801
      20.197        0.000      868.164      988.801
      20.228        0.000      869.160      988.801
      20.260        0.000      870.176      988.801
      20.291        0.000      871.129      988.801
      20.322        0.000      872.008      988.801
      20.353        0.000      872.766      988.801
      20.385        0.000      873.891      988.801
      20.416        0.000      874.750      988.801
      20.447        0.000      875.664      988.801
      20.478        0.000      876.414      988.801
      20.510        0.000      877.242      988.801
      20.541        0.000      877.820      988.801
      20.572        0.000      878.461      988.801
      20.603        0.000      879.188      988.586
      20.635        0.000      879.867      988.586
      20.666        0.000      880.488      988.508
      20.697        0.000      881.117      988.508
      20.728        0.000      881.906      988.508
      20.760        0.000      882.555      988.508
      20.791        0.000      883.285      988.508
      20.822        0.000      884.008      988.508
      20.853        0.000      884.832      988.508
      20.885        0.000      885.598      988.508
      20.916        0.000      886.172      988.508
      20.947        0.000      886.727      988.508
      20.978        0.000      887.430      988.508
      21.010        0.000      887.621      988.508
      21.041        0.000      887.621      988.508
      21.072        0.000      887.621      988.508
      21.103        0.000      887.621      988.508
      21.134        0.000      887.621      988.508
      21.166        0.000      887.621      988.508
      21.197        0.000      887.621      988.508
      21.228        0.000      887.621      988.508
      21.259        0.000      887.621      988.508
      21.291        0.000      887.621      988.508
      21.322        0.000      887.621      988.508
      21.353        0.000      887.621      988.508
      21.384        0.000      887.621      988.508
      21.416        0.000      887.621      988.508
      21.447        0.000      887.621      988.508
      21.478        0.000      887.621      988.508
      21.509        0.000      887.621      988.508
      21.541        0.000      887.621      988.508
      21.572        0.000      887.621      988.508
      21.603        0.000      874.555      975.238
      21.634        0.000      874.555      975.238
      21.666        0.000      832.492      963.121
      21.697        0.000      792.941      952.016
      21.728        0.000      792.941      952.016
      21.759        0.000      796.621      952.016
      21.796        0.000      813.008      952.016
      21.832        0.000      831.480      999.480
      21.864        0.000      850.824      999.480
      21.896        0.000      883.883      999.480
      21.928        0.000      887.684      999.480
      21.956        0.000      887.688      999.480
      21.988        0.000      887.688      999.480
      22.020        0.000      887.688      999.480
      22.052        0.000      887.688      999.480
      22.084        0.000      792.945      881.332
      22.116        0.000      792.945      881.332
      22.152        0.000      792.945      881.332
      22.196        0.000      802.449      952.016
      22.243        0.000      805.047      952.016
      22.274        0.000      807.156      952.016
      22.306        0.000      818.930      952.016
      22.337        0.000      833.219      952.016
      22.384        0.000      852.418      999.480
      22.415        0.000      875.344      999.480
      22.446        0.000      887.691      999.480
      22.477        0.000      887.691      999.480
      22.509        0.000      900.527     1049.234
      22.540        0.000      917.223     1049.234
      22.571        0.000      934.621     1049.234
      22.602        0.000      871.359      966.438
      22.634        0.000      830.523     1023.977
      22.665        0.000      830.523     1023.977
      22.696        0.000      844.664     1023.977
      22.727        0.000      863.355     1023.977
      22.759        0.000      885.039     1023.977
      22.797        0.000      901.133     3030.965
      22.828        0.000      901.578     3031.445
      22.859        0.000      914.379     3057.367
      22.907        0.000      930.172     3072.645
      22.938        0.000      937.797     3072.645
      22.969        0.000      950.078     3072.645
      23.001        0.000      959.430     3078.434
      23.032        0.000      966.328     3078.434
      23.063        0.000      979.473     3078.434
      23.110        0.000      985.496     3078.434
      23.141        0.000     1000.270     3078.434
      23.173        0.000     1002.688     3078.434
      23.204        0.000     1015.980     3078.434
      23.235        0.000     1023.480     3078.434
      23.266        0.000     1033.848     3078.434
      23.298        0.000     1042.570     3078.434
      23.329        0.000     1054.285     3078.434
      23.360        0.000     1062.297     3078.434
      23.391        0.000     1069.016     3078.434
      23.422        0.000     1080.352     3078.434
      23.454        0.000     1080.770     3078.434
      23.485        0.000     1099.031     3078.434
      23.516        0.000     1099.062     3078.434
      23.547        0.000     1104.730     3079.395
      23.579        0.000     1112.727     3079.395
      23.610        0.000     1126.668     3079.395
      23.641        0.000     1130.777     3079.395
      23.672        0.000     1144.273     3079.395
      23.704        0.000     1144.387     3079.395
      23.735        0.000     1144.953     3080.027
      23.766        0.000     1150.844     3080.027
      23.797        0.000     1160.445     3080.027
      23.829        0.000     1169.500     3080.027
      23.860        0.000     1175.469     3080.027
      23.891        0.000     1185.355     3080.027
      23.922        0.000     1194.594     3080.027
      23.954        0.000     1200.902     3080.027
      23.985        0.000     1208.285     3080.027
      24.016        0.000     1215.441     3080.027
      24.047        0.000     1226.230     3080.027
      24.094        0.000     1232.340     3080.027
      24.141        0.000     1236.945     3080.027
      24.172        0.000     1243.727     3080.027
      24.204        0.000     1250.570     3080.027
      24.235        0.000     1258.086     3080.027
      24.266        0.000     1265.719     3080.027
      24.297        0.000     1273.906     3080.027
      24.329        0.000     1280.727     3080.027
      24.360        0.000     1288.793     3080.027
      24.391        0.000     1292.422     3080.027
      24.422        0.000     1298.668     3080.027
      24.453        0.000     1310.184     3080.027
      24.485        0.000     1315.105     3080.027
      24.516        0.000     1322.848     3080.027
      24.547        0.000     1329.633     3080.027
      24.594        0.000     1341.203     3080.027
      24.625        0.000     1348.137     3080.027
      24.657        0.000     1355.758     3080.027
      24.688        0.000     1362.613     3080.027
      24.719        0.000     1375.141     3080.027
      24.750        0.000     1375.160     3080.027
      24.797        0.000     1387.711     3080.027
      24.844        0.000     1387.934     3080.027
      24.891        0.000     1396.086     3080.027
      24.938        0.000     1401.051     3080.027
      24.969        0.000     1401.184     3080.027
      25.000        0.000     1401.988     3080.113
      25.031        0.000     1419.824     3080.113
      25.094        0.000     1412.254     3080.113
      25.125        0.000     1412.254     3080.113
      25.172        0.000     1412.254     3080.113
      25.219        0.000     1412.332     3080.254
      25.250        0.000     1427.484     3080.254
      25.297        0.000     1427.586     3080.254
      25.360        0.000     1427.652     3080.254
      25.406        0.000     1427.668     3080.254
      25.438        0.000     1427.926     3080.590
      25.469        0.000     1444.230     3080.590
      25.500        0.000     1444.828     3080.590
      25.531        0.000     1444.828     3080.590
      25.578        0.000     1444.906     3080.590
      25.609        0.000     1452.629     3080.691
      25.641        0.000     1471.129     3080.691
      25.672        0.000     1474.266     3080.691
      25.703        0.000     1474.270     3080.691
      25.734        0.000     1474.270     3080.691
      25.766        0.000     1474.348     3080.691
      25.797        0.000     1474.480     3080.691
      25.828        0.000     1474.480     3080.691
      25.875        0.000     1474.641     3080.922
      25.906        0.000     1477.613     3080.922
      25.938        0.000     1505.891     3080.922
      25.969        0.000     1508.645     3080.922
      26.000        0.000     1508.645     3080.922
      26.031        0.000     1508.652     3080.922
      26.078        0.000     1508.715     3080.922
      26.125        0.000     1508.703     3080.922
      26.156        0.000     1508.711     3080.922
      26.203        0.000     1508.711     3080.922
      26.234        0.000     1508.664     3080.957
      26.281        0.000     1508.664     3080.957
      26.363        0.000     1508.996     3080.957
      26.395        0.000     1509.828     3080.957
      26.441        0.000     1512.840     3080.957
      26.498        0.000     1524.562     3080.957
      26.538        0.000     1531.656     3080.957
      26.579        0.000     1540.875     3080.957
      26.619        0.000     1551.336     3080.957
      26.659        0.000     1566.281     3080.957
      26.700        0.000     1566.281     3080.957
      26.740        0.000     1574.902     3080.957
      26.780        0.000     1584.340     3080.957
      26.816        0.000     1592.914     3080.957
      26.855        0.000     1603.859     3080.957
      26.891        0.000     1613.105     3080.957
      26.927        0.000     1621.473     3080.957
      26.967        0.000     1631.922     3080.957
      27.007        0.000     1637.262     3080.957
      27.043        0.000     1646.387     3080.957
      27.083        0.000     1653.352     3080.957
      27.119        0.000     1660.316     3080.957
      27.159        0.000     1670.305     3080.957
      27.207        0.000     1677.461     3080.957
      27.245        0.000     1688.934     3080.957
      27.285        0.000     1699.000     3080.957
      27.326        0.000     1699.000     3080.957
      27.366        0.000     1710.336     3080.957
      27.406        0.000     1722.551     3080.957
      27.447        0.000     1722.551     3080.957
      27.487        0.000     1722.551     3080.957
      27.527        0.000     1722.531     3080.992
      27.568        0.000     1722.531     3080.992
      27.608        0.000     1759.422     3080.992
      27.648        0.000     1760.902     3080.992
      27.689        0.000     1760.902     3080.992
      27.729        0.000     1760.945     3080.992
      27.769        0.000     1761.004     3080.992
      27.809        0.000     1761.059     3080.992
      27.850        0.000     1761.316     3080.992
      27.890        0.000     1761.316     3080.992
      27.941        0.000     1761.316     3080.992
      27.981        0.000     1761.324     3080.992
      28.021        0.000     1761.820     3081.504
      28.064        0.000     1761.820     3081.504
      28.122        0.000     1774.387     3081.504
      28.162        0.000     1781.453     3081.504
      28.203        0.000     1790.465     3081.504
      28.243        0.000     1797.883     3081.504
      28.283        0.000     1808.102     3081.504
      28.323        0.000     1813.695     3081.504
      28.364        0.000     1817.645     3081.504
      28.404        0.000     1825.895     3081.504
      28.444        0.000     1835.258     3081.504
      28.485        0.000     1849.312     3081.504
      28.525        0.000     1851.777     3081.504
      28.565        0.000     1863.797     3081.504
      28.606        0.000     1877.887     3081.504
      28.646        0.000     1883.887     3081.504
      28.686        0.000     1898.566     3081.504
      28.726        0.000     1911.273     3081.504
      28.767        0.000     1922.000     3081.504
      28.827        0.000     1930.629     3081.504
      28.868        0.000     1952.141     3081.504
      28.908        0.000     1952.141     3081.504
      28.968        0.000     1952.141     3081.504
      29.009        0.000     1952.336     3081.746
      29.051        0.000     1985.215     3081.746
      29.109        0.000     1999.551     3081.746
      29.150        0.000     2003.504     3081.746
      29.190        0.000     2003.504     3081.746
      29.230        0.000     2003.562     3081.746
      29.270        0.000     2003.562     3081.746
      29.311        0.000     2003.672     3081.746
      29.351        0.000     2004.184     3081.746
      29.412        0.000     2004.246     3081.746
      29.452        0.000     2004.246     3081.746
      29.492        0.000     2004.246     3081.746
      29.533        0.000     2004.246     3081.746
      29.593        0.000     2004.246     3081.746
      29.654        0.000     2004.246     3081.746
      29.694        0.000     2004.988     3082.559
      29.754        0.000     2004.988     3082.559
      29.815        0.000     2004.988     3082.559
      29.875        0.000     2007.766     3081.414
      29.915        0.000     2017.668     3081.414
      29.955        0.000     2029.488     3081.414
      29.996        0.000     2036.250     3081.414
      30.036        0.000     2031.418     3081.414
      30.076        0.000     2040.836     3081.414
      30.116        0.000     2049.066     3081.414
      30.158        0.000     2058.004     3081.414
      30.208        0.000     2071.488     3081.414
      30.249        0.000     2071.488     3081.414
      30.289        0.000     2080.430     3081.414
      30.329        0.000     2088.773     3081.414
      30.369        0.000     2097.461     3081.414
      30.410        0.000     2105.992     3081.414
      30.450        0.000     2103.195     3081.414
      30.490        0.000     2086.785     3081.414
      30.530        0.000     2081.672     3081.414
      30.571        0.000     2059.441     3081.414
      30.611        0.000     2039.969     3081.414
      30.651        0.000     2018.949     3081.414
      30.691        0.000     1986.738     3081.414
      30.732        0.000     1963.316     3081.414
      30.763        0.000     1948.438     3081.414
      30.794        0.000     1936.395     3081.414
      30.825        0.000     1923.664     3081.414
      30.863        0.000     1901.098     3081.414
      30.902        0.000     1879.508     3081.414
      30.948        0.000     1865.281     3081.414
      30.979        0.000     1848.629     3081.414
      31.010        0.000     1818.312     3081.414
      31.048        0.000     1689.906     3081.414
      31.095        0.000     1685.965     3081.414
      31.143        0.000     1675.465     3081.414
      31.183        0.000     1658.207     3081.414
      31.223        0.000     1658.207     3081.414
      31.263        0.000     1644.855     3081.414
      31.324        0.000     1644.855     3081.414
      31.404        0.000     1611.715     3081.414
      31.464        0.000     1611.715     3081.414
      31.525        0.000     1593.633     3081.414
      31.585        0.000     1589.723     3081.414
      31.625        0.000     1593.156     3081.414
      31.686        0.000     1575.855     3081.414
      31.746        0.000     1575.984     3081.414
      31.786        0.000     1576.586     3081.414
      31.847        0.000     1584.023     3081.414
      31.887        0.000     1591.605     3081.414
      31.927        0.000     1599.055     3081.414
      31.987        0.000     1606.551     3081.414
      32.048        0.000     1613.527     3081.414
      32.088        0.000     1618.887     3081.414
      32.128        0.000     1626.348     3081.414
      32.168        0.000     1632.879     3081.414
      32.211        0.000     1637.562     3081.414
      32.269        0.000     1649.668     3081.414
      32.309        0.000     1658.141     3081.414
      32.351        0.000     1661.930     3081.414
      32.410        0.000     1669.625     3081.414
      32.450        0.000     1677.402     3081.414
      32.490        0.000     1681.480     3081.414
      32.551        0.000     1687.207     3081.414
      32.591        0.000     1692.113     3081.414
      32.651        0.000     1702.250     3081.414
      32.711        0.000     1710.375     3081.414
      32.772        0.000     1717.449     3081.414
      32.834        0.000     1725.180     3081.414
      32.892        0.000     1730.453     3081.414
      32.930        0.000     1733.449     3081.414
      32.975        0.000     1737.039     3081.414
      33.035        0.000     1745.055     3081.414
      33.076        0.000     1753.824     3081.414
      33.136        0.000     1765.145     3081.414
      33.176        0.000     1778.375     3081.414
      33.216        0.000     1778.375     3081.414
      33.257        0.000     1784.801     3081.414
      33.297        0.000     1795.707     3081.414
      33.337        0.000     1795.707     3081.414
      33.378        0.000     1795.707     3081.414
      33.418        0.000     1810.715     3081.414
      33.458        0.000     1810.723     3081.414
      33.498        0.000     1810.723     3081.414
      33.559        0.000     1837.262     3081.414
      33.599        0.000     1837.262     3081.414
      33.639        0.000     1837.262     3081.414
      33.680        0.000     1837.262     3081.414
      33.720        0.000     1837.262     3081.414
      33.760        0.000     1837.262     3081.414
      33.801        0.000     1841.844     3081.414
      33.841        0.000     1853.211     3081.414
      33.881        0.000     1869.266     3081.414
      33.922        0.000     1874.121     3081.414
      33.962        0.000     1884.746     3081.414
      34.002        0.000     1895.727     3081.414
      34.042        0.000     1905.562     3081.414
      34.083        0.000     1913.449     3081.414
      34.123        0.000     1928.066     3081.414
      34.163        0.000     1928.066     3081.414
      34.204        0.000     1959.164     3081.414
      34.244        0.000     1975.301     3081.414
      34.284        0.000     1977.336     3081.414
      34.322        0.000     1977.336     3081.414
      34.367        0.000     1977.352     3081.414
      34.407        0.000     1977.352     3081.414
      34.448        0.000     1977.371     3081.414
      34.488        0.000     1977.371     3081.414
      34.528        0.000     1977.406     3081.414
      34.569        0.000     1977.406     3081.414
      34.629        0.000     1977.406     3081.414
      34.669        0.000     1977.406     3081.414
      34.710        0.000     1977.406     3081.414
      34.750        0.000     2025.855     3081.414
      34.790        0.000     2062.660     3081.414
      34.831        0.000     2011.043     3081.414
      34.871        0.000     1954.793     3081.414
      34.911        0.000     1909.703     3081.414
      34.951        0.000     1855.793     3081.414
      34.991        0.000     1815.539     3082.789
      35.034        0.000     1751.012     3082.789
      35.072        0.000     1727.613     3082.789
      35.132        0.000     1727.613     3082.789
      35.172        0.000     1727.613     3082.789
      35.235        0.000     1727.613     3082.789
      35.314        0.000     1727.613     3082.789
      35.396        0.000     1727.613     3082.789
      35.474        0.000     1727.613     3082.789
      35.535        0.000     1727.613     3082.789
      35.597        0.000     1727.613     3082.789
      35.655        0.000     1727.613     3082.789
      35.696        0.000     1727.613     3082.789
      35.766        0.000     1711.082     3082.789
      35.828        0.000     1711.133     3082.789
      35.877        0.000     1711.180     3082.789
      35.937        0.000     1711.184     3082.789
      35.997        0.000     1714.031     3083.836
      36.068        0.000     1721.602     3083.836
      36.178        0.000     1728.961     3083.836
      36.251        0.000     1728.961     3083.836
      36.339        0.000     1728.961     3083.836
      36.440        0.000     1728.961     3083.836
      36.500        0.000     1728.961     3083.836
      36.560        0.000     1728.961     3083.836
      36.600        0.000     1728.961     3083.836
      36.661        0.000     1728.961     3083.836
      36.721        0.000     1728.961     3083.836
      36.784        0.000     1728.961     3083.836
      36.842        0.000     1728.969     3083.836
      36.882        0.000     1728.969     3083.836
      36.945        0.000     1728.969     3083.836
      37.003        0.000     1728.969     3083.836
      37.083        0.000     1728.969     3083.836
      37.164        0.000     1728.969     3083.836
      37.224        0.000     1728.969     3083.836
      37.325        0.000     1728.969     3083.836
      37.387        0.000     1728.969     3083.836
      37.446        0.000     1728.984     3083.836
      37.486        0.000     1728.988     3083.836
      37.526        0.000     1730.152     3083.836
      37.566        0.000     1730.438     3083.836
      37.604        0.000     1730.438     3083.836
      37.644        0.000     1730.438     3083.836
      37.684        0.000     1730.438     3083.836
      37.724        0.000     1730.438     3083.836
      37.796        0.000     1730.438     3083.836
      37.900        0.000     1730.438     3083.836
      37.952        0.000     1730.438     3083.836
      37.996        0.000     1730.438     3083.836
      38.060        0.000     1730.438     3083.836
      38.116        0.000     1730.438     3083.836
      38.156        0.000     1730.438     3083.836
      38.196        0.000     1730.438     3083.836
      38.236        0.000     1730.438     3083.836
      38.284        0.000     1730.438     3083.836
      38.324        0.000     1730.438     3083.836
      38.368        0.000     1730.438     3083.836
      38.422        0.000     1730.438     3083.836
      38.453        0.000     1730.438     3083.836
      38.484        0.000     1730.438     3083.836
      38.516        0.000     1730.438     3083.836
      38.547        0.000     1730.438     3083.836
      38.578        0.000     1730.441     3083.836
      38.609        0.000     1654.520     2965.191
      38.641        0.000     1625.891     2848.066
      38.672        0.000     1646.094     2848.066
      38.703        0.000     1661.414     2848.066
      38.734        0.000     1673.711     2848.066
      38.766        0.000     1692.312     2848.066
      38.797        0.000     1709.988     2848.066
      38.828        0.000     1720.578     2848.066
      38.859        0.000     1736.672     2848.066
      38.891        0.000     1752.859     2848.066
      38.922        0.000     1767.336     2848.066
      38.953        0.000     1781.562     2848.066
      38.984        0.000     1799.492     2848.066
      39.016        0.000     1782.297     2848.066
      39.047        0.000     1785.613     2848.066
      39.078        0.000     1785.801     2848.066
      39.109        0.000     1785.887     2848.066
      39.141        0.000     1786.137     2848.066
      39.172        0.000     1786.262     2848.066
      39.203        0.000     1786.527     2848.066
      39.234        0.000     1792.805     2848.066
      39.266        0.000     1804.176     2848.066
      39.297        0.000     1814.031     2848.066
      39.328        0.000     1823.656     2848.066
      39.359        0.000     1834.875     2848.066
      39.390        0.000     1845.387     2848.066
      39.422        0.000     1853.824     2848.066
      39.453        0.000     1859.770     2848.066
      39.484        0.000     1862.023     2848.066
      39.515        0.000     1862.023     2848.066
      39.547        0.000     1862.031     2848.066
      39.578        0.000     1862.035     2848.066
      39.609        0.000     1864.617     2872.309
      39.672        0.000     1874.602     2872.309
      39.703        0.000     1887.484     2872.309
      39.734        0.000     1899.941     2872.309
      39.765        0.000     1905.684     2872.309
      39.797        0.000     1913.109     2872.309
      39.828        0.000     1919.961     2872.309
      39.859        0.000     1928.277     2872.309
      39.890        0.000     1938.004     2872.309
      39.922        0.000     1943.699     2872.309
      39.953        0.000     1953.078     2872.309
      39.984        0.000     1959.984     2872.309
      40.015        0.000     1970.406     2872.309
      40.047        0.000     1996.020     2872.309
      40.093        0.000     2015.758     2872.309
      40.125        0.000     2044.262     2872.309
      40.156        0.000     2046.539     2872.309
      40.203        0.000     2046.555     2872.309
      40.234        0.000     2046.555     2872.309
      40.281        0.000     2046.555     2872.309
      40.312        0.000     2046.555     2872.309
      40.343        0.000     2046.555     2872.309
      40.390        0.000     2046.562     2872.309
      40.437        0.000     2046.562     2872.309
      40.484        0.000     2046.562     2872.309
      40.531        0.000     2046.562     2872.309
      40.562        0.000     2046.562     2872.309
      40.609        0.000     2046.562     2872.309
      40.640        0.000     2046.562     2872.309
      40.671        0.000     2046.578     2860.188
      40.703        0.000     1941.645     2786.184
      40.734        0.000     1702.863     2786.184
      40.765        0.000     1482.074     2786.184
      40.796        0.000     1267.199     2786.184
      40.828        0.000     1042.137     2786.184
      40.859        0.000      853.609     2786.184
      40.890        0.000      639.609     2786.184
      40.921        0.000      419.609     2786.184
      40.953        0.000      215.609     2786.184
      40.984        0.000       63.684      861.484
      41.015        0.000       64.105      788.766
      41.046        0.000       64.535      788.766
      41.078        0.000       64.973      788.766
      41.109        0.000       65.789      788.766
      41.140        0.000       66.348      788.766
      41.171        0.000       67.008      788.766
      41.203        0.000       69.094      788.766
      41.234        0.000       70.297      788.766
      41.265        0.000       91.711      802.875
      41.296        0.000       85.180      790.754
      41.328        0.000       85.996      790.754
      41.359        0.000       87.012      790.891
      41.390        0.000       87.676      790.891
      41.421        0.000       88.617      790.891
      41.452        0.000       89.695      790.891
      41.484        0.000      103.043      920.141
      41.515        0.000      138.320      920.141
      41.546        0.000      163.555      920.141
      41.577        0.000      197.109      920.141
      41.609        0.000      215.254      920.141
      41.640        0.000      242.727      920.141
      41.671        0.000      267.848      920.141
      41.702        0.000      294.512      920.141
      41.734        0.000      319.691      920.141
      41.765        0.000      327.219      920.141
      41.794        0.000      338.078      920.141
      41.826        0.000      347.273      920.141
      41.858        0.000      219.742      790.891
      41.894        0.000      220.293      790.891
      41.926        0.000      220.758      790.891
      41.958        0.000      221.344      790.891
      41.994        0.000      221.680      790.891
      42.026        0.000      222.312      790.891
      42.062        0.000      223.125      790.891
      42.094        0.000      224.480      790.891
      42.130        0.000      226.605      790.891
      42.162        0.000      227.562      790.891
      42.194        0.000      228.711      790.891
      42.225        0.000      229.332      790.891
      42.256        0.000      231.215      790.891
      42.288        0.000      231.324      790.891
      42.319        0.000      231.324      790.891
      42.350        0.000      231.324      790.891
      42.382        0.000      232.207      790.891
      42.413        0.000      110.520      673.770
      42.444        0.000       68.098      625.285
      42.475        0.000       68.770      625.285
      42.506        0.000       69.590      625.285
      42.538        0.000       70.383      625.285
      42.569        0.000       71.609      625.285
      42.600        0.000       73.055      625.285
      42.631        0.000       73.621      625.285
      42.663        0.000       74.602      625.285
      42.694        0.000       75.188      625.414
      42.725        0.000       76.434      625.414
      42.756        0.000       78.473      625.414
      42.788        0.000       82.543      625.414
      42.819        0.000       85.844      625.414
      42.850        0.000       89.105      625.414
      42.881        0.000       92.734      625.414
      42.913        0.000       94.637      625.414
      42.944        0.000       97.617      625.414
      42.975        0.000      100.438      625.414
      43.006        0.000      104.000      625.816
      43.038        0.000      106.918      625.816
      43.069        0.000      110.848      626.078
      43.100        0.000      113.023      626.145
      43.131        0.000      115.480      626.145
      43.163        0.000      117.734      626.406
      43.194        0.000      120.125      626.406
      43.225        0.000      123.297      626.406
      43.256        0.000      126.312      626.734
      43.288        0.000      129.582      626.734
      43.319        0.000      132.793      626.996
      43.350        0.000      135.590      626.996
      43.381        0.000      138.246      626.996
      43.412        0.000      140.973      626.996
      43.459        0.000      143.785      627.324
      43.491        0.000      144.535      627.324
      43.522        0.000      146.438      627.324
      43.553        0.000      150.270      627.324
      43.584        0.000      154.301      627.324
      43.616        0.000      157.109      627.324
      43.647        0.000      158.520      627.324
      43.678        0.000      160.672      627.293
      43.709        0.000      165.445      627.293
      43.741        0.000      171.926      627.699
      43.772        0.000      179.328      629.707
      43.819        0.000      184.605      630.531
      43.850        0.000      187.969      630.684
      43.881        0.000      189.855      630.934
      43.912        0.000      193.766      631.223
      43.944        0.000      195.613      631.301
      43.975        0.000      195.625      631.301
      44.006        0.000      195.625      631.301
      44.037        0.000      195.625      631.301
      44.069        0.000      195.625      631.301
      44.100        0.000      198.566      631.301
      44.131        0.000      202.805      632.117
      44.178        0.000      204.809      632.434
      44.209        0.000      204.809      632.434
      44.240        0.000      204.809      632.434
      44.272        0.000      204.809      632.434
      44.303        0.000      204.809      632.434
      44.334        0.000      204.809      632.434
      44.365        0.000      204.809      632.434
      44.397        0.000      205.520      632.434
      44.428        0.000      207.004      632.812
      44.464        0.000      208.023      633.062
      44.503        0.000      208.121      633.062
      44.534        0.000      208.121      633.062
      44.566        0.000      208.121      633.062
      44.597        0.000      208.238      633.062
      44.628        0.000      208.238      633.062
      44.660        0.000      208.238      633.062
      44.691        0.000      208.238      633.062
      44.722        0.000      208.238      633.062
      44.753        0.000      208.238      633.062
      44.784        0.000      208.238      633.062
      44.816        0.000      208.238      633.062
      44.847        0.000      208.238      633.062
      44.878        0.000      208.238      633.062
      44.909        0.000      208.508      633.062
      44.941        0.000      210.523      633.273
      44.972        0.000      214.027      603.152
      45.003        0.000      219.809      603.152
      45.034        0.000      228.969      603.152
      45.066        0.000      239.520      603.152
      45.097        0.000      235.684      592.266
      45.128        0.000      238.797      592.430
      45.186        0.000      240.539      592.555
      45.234        0.000      240.961      592.555
      45.270        0.000      240.961      592.555
      45.306        0.000      240.961      592.555
      45.338        0.000      240.918      592.555
      45.378        0.000      240.836      592.555
      45.426        0.000      240.961      592.555
      45.470        0.000      240.961      592.555
      45.507        0.000      240.961      592.555
      45.538        0.000      241.023      592.734
      45.569        0.000      241.023      592.734
      45.601        0.000      241.023      592.734
      45.632        0.000      241.023      592.734
      45.663        0.000      241.023      592.734
      45.695        0.000      241.023      592.734
      45.726        0.000      241.023      592.734
      45.757        0.000      241.023      592.734
      45.788        0.000      241.023      592.734
      45.820        0.000      241.023      592.734
      45.852        0.000      241.023      592.734
      45.883        0.000      241.023      592.734
      45.914        0.000      241.023      592.734
      45.946        0.000      241.023      592.734
      45.977        0.000      241.023      592.734
      46.008        0.000      241.023      592.734
      46.039        0.000      241.023      592.734
      46.071        0.000      241.023      592.734
      46.102        0.000      241.023      592.734
      46.133        0.000      241.023      592.734
      46.164        0.000      241.023      592.734
      46.196        0.000      241.023      592.734
      46.227        0.000      241.879      592.742
      46.258        0.000      241.879      592.742
      46.289        0.000      241.879      592.742
      46.318        0.000      241.852      592.621
      46.362        0.000      241.852      592.621
      46.393        0.000      241.852      592.621
      46.425        0.000      241.852      592.621
      46.456        0.000      241.852      592.621
      46.487        0.000      241.852      592.621
      46.518        0.000      241.852      592.621
      46.550        0.000      241.852      592.621
      46.581        0.000      241.852      592.621
      46.612        0.000      241.852      592.621
      46.643        0.000      241.852      592.621
      46.675        0.000      241.852      592.621
      46.706        0.000      241.852      592.621
      46.737        0.000      241.852      592.621
      46.769        0.000      241.852      592.621
      46.797        0.000      241.852      592.621
      46.825        0.000      243.043      592.586
      46.853        0.000      245.340      592.656
      46.881        0.000      248.371      592.656
      46.909        0.000      251.949      592.656
      46.941        0.000      253.668      592.664
      46.969        0.000      247.270      581.902
      46.997        0.000      248.016      582.027
      47.025        0.000      251.922      582.027
      47.053        0.000      261.957      582.027
      47.089        0.000      274.242      582.027
      47.125        0.000      286.844      582.027
      47.157        0.000      300.469      582.027
      47.197        0.000      312.590      582.035
      47.228        0.000      312.953      578.133
      47.259        0.000      314.328      578.156
      47.290        0.000      310.652      572.230
      47.323        0.000      311.504      572.305
      47.354        0.000      304.707      564.359
      47.385        0.000      306.715      565.770
      47.432        0.000      308.691      566.262
      47.479        0.000      308.930      566.262
      47.520        0.000      310.875      566.617
      47.566        0.000      303.641      556.293
      47.613        0.000      300.254      547.383
      47.645        0.000      301.648      547.586
      47.676        0.000      303.715      547.629
      47.723        0.000      285.285      526.723
      47.770        0.000      222.992      457.086
      47.817        0.000       32.594      122.859
      47.872        0.000        2.609        2.074
