# Elapsed time   CPU (%)     Real (MB)   Virtual (MB)
       0.000        0.000       23.746       12.105
       0.031        0.000       26.773       12.422
       0.062        0.000       28.387       12.531
       0.091        0.000       29.953       12.570
       0.120        0.000       30.562       12.586
       0.151        0.000       32.914       12.941
       0.181        0.000       35.879       15.672
       0.212        0.000       36.242       15.871
       0.241        0.000       37.898       16.086
       0.271        0.000       39.293       16.242
       0.302        0.000       39.289       16.242
       0.332        0.000       39.223       16.242
       0.364        0.000       38.938       16.242
       0.394        0.000       38.879       16.242
       0.425        0.000       39.109       16.242
       0.454        0.000       38.984       16.242
       0.485        0.000       38.996       16.242
       0.517        0.000       38.887       16.227
       0.546        0.000       39.227       16.273
       0.577        0.000       41.512       24.770
       0.611        0.000       43.125       24.770
       0.640        0.000       45.543       63.938
       0.674        0.000       46.910       63.938
       0.703        0.000       49.465       55.316
       0.742        0.000       51.656       31.844
       0.772        0.000       54.332       28.762
       0.801        0.000       56.148       29.055
       0.831        0.000       57.621       29.129
       0.860        0.000       59.977       29.660
       0.892        0.000       60.629       29.832
       0.923        0.000       61.387       30.074
       0.953        0.000       62.996       30.562
       0.983        0.000       63.238       30.605
       1.015        0.000       63.949       31.660
       1.045        0.000       63.656       31.008
       1.078        0.000       64.270       31.695
       1.111        0.000       64.477       32.578
       1.142        0.000       64.863       32.562
       1.174        0.000       64.844       32.191
       1.204        0.000       64.641       31.906
       1.234        0.000       64.895       32.227
       1.267        0.000       64.957       32.309
       1.297        0.000       65.152       32.555
       1.329        0.000       65.074       32.738
       1.359        0.000       65.352       32.867
       1.388        0.000       65.785       33.355
       1.422        0.000       66.863       32.465
       1.451        0.000       67.637       37.316
       1.482        0.000       70.223       33.727
       1.514        0.000       72.082       34.871
       1.548        0.000       74.473       36.156
       1.578        0.000       76.957       37.820
       1.607        0.000       76.980       37.844
       1.637        0.000       77.035       37.898
       1.669        0.000       77.070       37.934
       1.699        0.000       77.070       37.934
       1.731        0.000       77.098       37.961
       1.761        0.000       77.105       37.969
       1.792        0.000       77.270       38.137
       1.822        0.000       77.332       38.203
       1.853        0.000       78.508       38.918
       1.884        0.000       78.711       38.969
       1.915        0.000       79.031       39.055
       1.945        0.000       79.031       39.055
       1.974        0.000       79.031       39.055
       2.004        0.000       79.078       39.105
       2.034        0.000       79.094       39.125
       2.064        0.000       79.098       39.125
       2.094        0.000       79.117       39.145
       2.124        0.000       79.129       39.152
       2.155        0.000       79.270       39.301
       2.186        0.000       79.277       39.301
       2.216        0.000       82.180       41.184
       2.250        0.000       87.758       46.668
       2.285        0.000       94.906       53.598
       2.320        0.000       99.195       57.863
       2.353        0.000      102.254       60.883
       2.392        0.000      110.406       68.902
       2.429        0.000      120.629       81.488
       2.478        0.000      126.109       86.754
       2.513        0.000      135.180       93.836
       2.558        0.000      141.422       98.730
       2.597        0.000      145.957      103.266
       2.637        0.000      153.973      109.918
       2.676        0.000      160.648      116.172
       2.711        0.000      166.945      122.496
       2.747        0.000      169.105      124.594
       2.778        0.000      169.105      124.594
       2.809        0.000      169.105      124.594
       2.838        0.000      169.105      124.594
       2.868        0.000      169.105      124.594
       2.899        0.000      169.105      124.594
       2.929        0.000      169.105      124.594
       2.959        0.000      169.125      124.621
       2.989        0.000      169.262      124.758
       3.020        0.000      169.262      124.758
       3.050        0.000      169.285      124.777
       3.082        0.000      169.480      125.039
       3.112        0.000      169.508      125.039
       3.143        0.000      169.508      125.039
       3.173        0.000      169.508      125.039
       3.202        0.000      169.508      125.039
       3.232        0.000      170.012      125.535
       3.262        0.000      170.176      125.695
       3.292        0.000      171.957      127.570
       3.323        0.000      173.980      129.645
       3.353        0.000      173.980      129.645
       3.383        0.000      173.980      129.645
       3.413        0.000      173.980      129.645
       3.443        0.000      173.980      129.645
       3.473        0.000      174.438      130.133
       3.504        0.000      174.438      130.133
       3.534        0.000      174.438      130.133
       3.566        0.000      174.438      130.133
       3.597        0.000      174.449      130.133
       3.631        0.000      174.449      130.133
       3.661        0.000      174.562      130.270
       3.691        0.000      174.562      130.270
       3.722        0.000      174.562      130.270
       3.753        0.000      174.629      130.344
       3.784        0.000      174.629      130.344
       3.815        0.000      174.637      130.344
       3.845        0.000      174.852      130.555
       3.875        0.000      174.906      130.621
       3.906        0.000      175.121      130.832
       3.938        0.000      175.254      130.969
       3.968        0.000      175.297      131.004
       3.999        0.000      175.605      131.344
       4.028        0.000      175.605      131.344
       4.059        0.000      175.605      131.344
       4.089        0.000      175.605      131.344
       4.118        0.000      175.863      131.617
       4.149        0.000      175.863      131.617
       4.179        0.000      175.977      131.758
       4.209        0.000      175.977      131.758
       4.241        0.000      176.363      132.133
       4.272        0.000      176.363      132.133
       4.304        0.000      176.363      132.133
       4.333        0.000      176.363      132.133
       4.364        0.000      176.363      132.133
       4.394        0.000      176.363      132.133
       4.427        0.000      176.363      132.133
       4.456        0.000      176.363      132.133
       4.486        0.000      176.363      132.133
       4.516        0.000      176.363      132.133
       4.548        0.000      176.363      132.133
       4.578        0.000      176.363      132.133
       4.608        0.000      176.363      132.133
       4.638        0.000      176.492      132.270
       4.669        0.000      176.492      132.270
       4.701        0.000      176.492      132.270
       4.732        0.000      176.691      132.480
       4.763        0.000      176.758      132.555
       4.794        0.000      177.031      132.828
       4.824        0.000      177.152      132.965
       4.856        0.000      177.152      132.965
       4.887        0.000      177.152      132.965
       4.918        0.000      177.152      132.965
       4.948        0.000      177.184      133.000
       4.978        0.000      177.184      133.000
       5.008        0.000      177.184      133.000
       5.038        0.000      177.184      133.000
       5.069        0.000      177.184      133.000
       5.100        0.000      177.184      133.000
       5.131        0.000      177.281      133.109
       5.162        0.000      177.281      133.109
       5.193        0.000      177.348      133.184
       5.223        0.000      177.363      133.184
       5.254        0.000      177.355      133.184
       5.286        0.000      177.355      133.184
       5.317        0.000      177.359      133.184
       5.347        0.000      177.559      133.453
       5.377        0.000      177.559      133.453
       5.407        0.000      177.559      133.453
       5.437        0.000      177.559      133.453
       5.469        0.000      177.559      133.453
       5.499        0.000      177.562      133.453
       5.529        0.000      177.758      133.664
       5.563        0.000      177.758      133.664
       5.595        0.000      177.758      133.664
       5.625        0.000      177.758      133.664
       5.656        0.000      177.758      133.664
       5.686        0.000      177.758      133.664
       5.718        0.000      178.141      134.062
       5.748        0.000      178.141      134.062
       5.777        0.000      178.141      134.062
       5.810        0.000      178.141      134.062
       5.841        0.000      178.141      134.062
       5.870        0.000      178.270      134.199
       5.901        0.000      178.293      134.199
       5.931        0.000      178.293      134.199
       5.960        0.000      178.293      134.199
       5.992        0.000      178.293      134.199
       6.021        0.000      178.348      134.266
       6.055        0.000      178.418      134.332
       6.084        0.000      178.418      134.332
       6.115        0.000      178.418      134.332
       6.144        0.000      178.418      134.332
       6.174        0.000      178.629      134.566
       6.204        0.000      178.629      134.566
       6.234        0.000      178.629      134.566
       6.265        0.000      178.758      134.703
       6.298        0.000      178.758      134.703
       6.328        0.000      178.758      134.703
       6.358        0.000      178.758      134.703
       6.388        0.000      178.770      134.703
       6.418        0.000      178.898      134.840
       6.449        0.000      178.965      134.914
       6.479        0.000      179.008      134.914
       6.510        0.000      179.730      135.680
       6.540        0.000      179.730      135.680
       6.572        0.000      179.727      135.680
       6.603        0.000      179.727      135.680
       6.633        0.000      179.727      135.680
       6.663        0.000      179.918      135.883
       6.697        0.000      179.918      135.883
       6.727        0.000      179.918      135.883
       6.756        0.000      179.918      135.883
       6.787        0.000      179.918      135.883
       6.818        0.000      179.918      135.883
       6.849        0.000      179.918      135.883
       6.882        0.000      179.918      135.883
       6.912        0.000      179.918      135.883
       6.942        0.000      179.918      135.883
       6.972        0.000      180.113      136.094
       7.002        0.000      180.113      136.094
       7.032        0.000      180.113      136.094
       7.062        0.000      180.113      136.094
       7.093        0.000      180.113      136.094
       7.122        0.000      180.113      136.094
       7.153        0.000      180.176      136.160
       7.183        0.000      180.258      136.234
       7.215        0.000      180.387      136.371
       7.247        0.000      180.453      136.445
       7.277        0.000      180.906      136.816
       7.307        0.000      180.906      136.816
       7.337        0.000      180.922      136.816
       7.368        0.000      180.922      136.816
       7.398        0.000      180.922      136.816
       7.428        0.000      180.922      136.816
       7.458        0.000      180.922      136.816
       7.488        0.000      180.922      136.816
       7.519        0.000      180.922      136.816
       7.551        0.000      180.922      136.816
       7.580        0.000      180.922      136.816
       7.613        0.000      180.922      136.816
       7.643        0.000      180.988      136.891
       7.673        0.000      181.195      137.102
       7.704        0.000      181.195      137.102
       7.739        0.000      181.195      137.102
       7.772        0.000      181.195      137.102
       7.803        0.000      181.195      137.102
       7.833        0.000      181.195      137.102
       7.862        0.000      181.207      137.117
       7.894        0.000      181.207      137.117
       7.924        0.000      181.207      137.117
       7.953        0.000      181.207      137.117
       7.985        0.000      181.207      137.117
       8.017        0.000      181.461      137.387
       8.047        0.000      181.473      137.387
       8.078        0.000      181.473      137.387
       8.107        0.000      181.473      137.387
       8.138        0.000      181.668      137.590
       8.168        0.000      181.668      137.590
       8.199        0.000      181.668      137.590
       8.230        0.000      181.738      137.656
       8.260        0.000      181.859      137.793
       8.294        0.000      182.000      137.930
       8.325        0.000      182.000      137.930
       8.355        0.000      182.000      137.930
       8.385        0.000      182.000      137.930
       8.418        0.000      182.000      137.930
       8.448        0.000      182.000      137.930
       8.478        0.000      182.055      138.004
       8.510        0.000      182.352      138.297
       8.541        0.000      182.480      138.398
       8.573        0.000      184.887      140.875
       8.602        0.000      186.020      142.047
       8.632        0.000      187.699      145.324
       8.662        0.000      188.539      145.855
       8.692        0.000      190.121      146.918
       8.723        0.000      191.328      147.754
       8.752        0.000      192.711      148.598
       8.782        0.000      194.438      149.945
       8.812        0.000      196.957      151.211
       8.842        0.000      199.648      152.879
       8.872        0.000      201.207      153.727
       8.901        0.000      204.020      155.270
       8.931        0.000      206.930      156.746
       8.960        0.000      210.082      159.805
       8.991        0.000      212.680      160.812
       9.020        0.000      214.785      161.520
       9.052        0.000      215.766      162.773
       9.081        0.000      217.656      196.785
       9.111        0.000      219.254      199.621
       9.141        0.000      222.426      295.738
       9.170        0.000      223.535      311.547
       9.200        0.000      225.090      312.223
       9.231        0.000      225.871      312.223
       9.261        0.000      226.484      312.270
       9.291        0.000      226.875      312.270
       9.321        0.000      227.195      312.270
       9.351        0.000      227.641      312.270
       9.380        0.000      228.004      312.270
       9.411        0.000      228.363      312.270
       9.441        0.000      231.188      313.477
       9.473        0.000      233.922      315.074
       9.511        0.000      234.500      315.164
       9.542        0.000      235.738      315.695
       9.576        0.000      235.738      315.695
       9.606        0.000      235.738      315.695
       9.635        0.000      236.324      317.781
       9.667        0.000      238.277      316.797
       9.699        0.000      239.211      316.996
       9.734        0.000      241.973      318.801
       9.766        0.000      241.973      318.801
       9.796        0.000      242.004      318.801
       9.826        0.000      246.535      319.707
       9.878        0.000      246.535      319.707
       9.907        0.000      246.535      319.707
       9.936        0.000      256.125      323.539
      10.040        0.000      260.930      328.324
      10.081        0.000      262.727      339.750
      10.145        0.000      262.727      339.750
      10.174        0.000      262.727      339.750
      10.203        0.000      264.281      341.051
      10.237        0.000      265.844      343.320
      10.274        0.000      265.891      343.355
      10.308        0.000      265.891      343.355
      10.337        0.000      265.891      343.355
      10.365        0.000      265.996      343.355
      10.397        0.000      265.996      343.355
      10.427        0.000      265.996      343.355
      10.458        0.000      265.996      343.355
      10.490        0.000      265.996      343.355
      10.519        0.000      266.469      343.934
      10.557        0.000      266.578      344.027
      10.588        0.000      266.578      344.027
      10.618        0.000      266.578      344.027
      10.647        0.000      266.578      344.027
      10.676        0.000      266.578      344.027
      10.705        0.000      266.578      344.027
      10.736        0.000      266.578      344.027
      10.764        0.000      266.602      344.027
      10.803        0.000      266.602      344.027
      10.831        0.000      266.602      344.027
      10.869        0.000      271.023      347.066
      10.908        0.000      272.109      348.203
      10.940        0.000      272.605      348.648
      10.971        0.000      271.734      348.023
      11.008        0.000      274.668      351.387
      11.049        0.000      278.223      355.391
      11.092        0.000      276.301      354.695
      11.133        0.000      276.301      354.695
      11.163        0.000      276.301      354.695
      11.193        0.000      276.301      354.695
      11.222        0.000      276.664      355.285
      11.253        0.000      280.137      358.215
      11.295        0.000      281.484      360.855
      11.327        0.000      283.074      365.422
      11.357        0.000      283.938      366.559
      11.392        0.000      291.625      373.496
      11.434        0.000      303.289      383.523
      11.471        0.000      313.402      395.535
      11.501        0.000      325.598      409.137
      11.531        0.000      336.828      418.676
      11.566        0.000      348.250      432.109
      11.597        0.000      349.301      432.477
      11.641        0.000      353.945      435.105
      11.693        0.000      354.402      435.492
      11.729        0.000      355.008      435.680
      11.768        0.000      355.629      436.180
      11.806        0.000      356.117      436.684
      11.844        0.000      359.617      437.000
      11.892        0.000      359.934      437.312
      11.930        0.000      360.309      437.691
      11.966        0.000      360.945      438.254
      12.006        0.000      366.406      445.531
      12.044        0.000      366.844      445.969
      12.079        0.000      367.469      446.473
      12.113        0.000      367.945      447.098
      12.148        0.000      369.195      447.473
      12.183        0.000      375.027      460.777
      12.214        0.000      375.406      461.156
      12.245        0.000      375.961      461.738
      12.276        0.000      376.363      461.988
      12.309        0.000      376.895      462.742
      12.345        0.000      377.355      462.992
      12.379        0.000      377.902      463.383
      12.422        0.000      378.125      463.809
      12.456        0.000      378.125      463.809
      12.486        0.000      378.125      463.809
      12.516        0.000      378.262      463.809
      12.555        0.000      378.699      464.246
      12.589        0.000      379.133      464.559
      12.624        0.000      379.684      465.375
      12.660        0.000      380.141      465.629
      12.717        0.000      382.105      467.562
      12.760        0.000      384.195      467.781
      12.805        0.000      384.195      467.781
      12.836        0.000      384.195      467.781
      12.869        0.000      384.211      467.781
      12.903        0.000      387.531      471.254
      12.946        0.000      388.262      471.848
      12.978        0.000      388.949      472.473
      13.008        0.000      390.016      473.223
      13.040        0.000      390.449      473.852
      13.070        0.000      391.254      474.566
      13.106        0.000      391.754      474.941
      13.138        0.000      392.336      475.312
      13.183        0.000      392.633      475.812
      13.225        0.000      393.129      476.504
      13.277        0.000      393.520      476.785
      13.327        0.000      394.461      477.887
      13.365        0.000      394.512      477.949
      13.398        0.000      394.730      478.328
      13.447        0.000      395.383      478.773
      13.491        0.000      395.938      479.398
      13.536        0.000      396.297      479.633
      13.584        0.000      404.234      480.641
      13.665        0.000      405.477      481.156
      13.718        0.000      408.027      481.977
      13.765        0.000      409.340      482.969
      13.858        0.000      410.895      483.051
      13.915        0.000      412.691      483.844
      13.971        0.000      420.266      489.902
      14.016        0.000      415.273      484.500
      14.071        0.000      417.090      485.270
      14.132        0.000      418.059      486.602
      14.181        0.000      419.133      487.297
      14.224        0.000      419.191      487.297
      14.263        0.000      420.852      487.816
      14.302        0.000      427.016      494.227
      14.340        0.000      431.695      506.730
      14.375        0.000      432.461      507.496
      14.406        0.000      432.461      507.496
      14.439        0.000      432.516      507.621
      14.472        0.000      426.617      502.945
      14.521        0.000      426.637      502.945
      14.570        0.000      426.730      502.945
      14.610        0.000      428.230      504.500
      14.655        0.000      429.344      505.727
      14.701        0.000      430.684      507.145
      14.750        0.000      431.938      508.402
      14.794        0.000      432.594      509.125
      14.836        0.000      433.770      510.336
      14.880        0.000      435.520      512.148
      14.921        0.000      436.773      513.453
      14.968        0.000      438.266      515.012
      15.016        0.000      439.438      516.207
      15.061        0.000      443.898      520.449
      15.103        0.000      454.879      531.430
      15.142        0.000      458.266      534.938
      15.181        0.000      458.566      535.312
      15.220        0.000      459.250      535.695
      15.253        0.000      460.605      535.844
      15.286        0.000      461.191      535.965
      15.320        0.000      462.660      537.344
      15.352        0.000      465.805      540.301
      15.391        0.000      476.070      548.809
      15.488        0.000      480.129      552.453
      15.556        0.000      479.000      550.477
      15.620        0.000      481.211      552.680
      15.689        0.000      482.086      553.055
      15.732        0.000      482.273      553.176
      15.777        0.000      483.371      553.844
      15.822        0.000      484.305      554.375
      15.857        0.000      490.676      555.125
      15.899        0.000      494.066      567.301
      15.929        0.000      494.254      566.449
      15.966        0.000      494.523      566.449
      16.000        0.000      495.117      567.449
      16.033        0.000      499.121      567.477
      16.063        0.000      500.422      567.523
      16.094        0.000      501.988      568.105
      16.126        0.000      505.582      578.648
      16.168        0.000      505.758      578.648
      16.202        0.000      505.758      578.648
      16.238        0.000      505.789      578.648
      16.269        0.000      505.789      578.648
      16.303        0.000      505.789      578.648
      16.334        0.000      505.789      578.648
      16.369        0.000      505.727      578.758
      16.403        0.000      505.727      578.758
      16.437        0.000      505.727      578.758
      16.467        0.000      505.727      578.758
      16.499        0.000      505.727      578.758
      16.534        0.000      505.727      578.758
      16.564        0.000      505.727      578.758
      16.597        0.000      505.848      578.758
      16.632        0.000      506.016      578.758
      16.667        0.000      506.793      611.250
      16.703        0.000      506.789      579.129
      16.735        0.000      506.789      579.129
      16.769        0.000      506.789      579.129
      16.806        0.000      506.789      579.129
      16.839        0.000      506.789      579.129
      16.876        0.000      506.789      579.129
      16.919        0.000      506.789      579.129
      16.962        0.000      506.789      579.129
      17.002        0.000      506.789      579.129
      17.045        0.000      506.789      579.129
      17.088        0.000      506.789      579.129
      17.126        0.000      508.379      653.496
      17.171        0.000      510.203      653.496
      17.215        0.000      512.645      653.496
      17.249        0.000      515.621      653.496
      17.287        0.000      518.145      653.496
      17.323        0.000      520.477      653.496
      17.357        0.000      548.836      653.496
      17.394        0.000      537.789      641.461
      17.428        0.000      544.289      639.449
      17.457        0.000      550.062      639.516
      17.493        0.000      556.160      639.516
      17.527        0.000      562.082      639.516
      17.561        0.000      567.715      643.539
      17.591        0.000      575.234      647.590
      17.622        0.000      580.816      655.637
      17.658        0.000      586.590      659.660
      17.697        0.000      617.500      748.051
      17.740        0.000      647.648      748.051
      17.782        0.000      651.660      748.051
      17.817        0.000      651.660      748.051
      17.855        0.000      652.461      748.051
      17.892        0.000      654.027      748.051
      17.928        0.000      655.363      748.051
      17.964        0.000      656.621      748.051
      18.004        0.000      657.688      748.051
      18.040        0.000      658.848      748.051
      18.076        0.000      659.785      748.051
      18.116        0.000      660.617      748.051
      18.155        0.000      661.422      748.051
      18.193        0.000      662.238      748.051
      18.233        0.000      663.121      748.051
      18.275        0.000      663.938      748.051
      18.311        0.000      664.695      748.051
      18.349        0.000      665.379      748.051
      18.388        0.000      665.715      748.051
      18.429        0.000      627.418      735.742
      18.476        0.000      632.609      735.742
      18.513        0.000      651.109      755.824
      18.549        0.000      667.469      755.746
      18.580        0.000      667.469      755.746
      18.611        0.000      627.383      703.543
      18.648        0.000      631.402      735.660
      18.683        0.000      644.703      735.660
      18.715        0.000      667.473      755.742
      18.752        0.000      681.008      771.613
      18.782        0.000      639.219      767.555
      18.815        0.000      652.703      767.555
      18.847        0.000      671.324     1147.547
      18.880        0.000      671.719     1148.027
      18.911        0.000      684.262     1173.648
      18.947        0.000      697.316     1188.000
      18.982        0.000      712.348     1188.000
      19.019        0.000      726.906     1188.000
      19.057        0.000      738.953     1193.035
      19.093        0.000      753.074     1193.035
      19.130        0.000      761.164     1193.035
      19.165        0.000      773.418     1193.035
      19.204        0.000      783.004     1193.035
      19.244        0.000      793.188     1193.035
      19.283        0.000      808.121     1193.035
      19.321        0.000      817.957     1193.035
      19.353        0.000      829.539     1193.035
      19.388        0.000      840.113     1193.035
      19.421        0.000      849.648     1194.008
      19.462        0.000      855.195     1194.008
      19.494        0.000      856.898     1190.703
      19.532        0.000      853.227     1181.719
      19.569        0.000      858.441     1181.719
      19.606        0.000      865.105     1181.719
      19.643        0.000      878.086     1181.719
      19.680        0.000      894.844     1181.719
      19.719        0.000      899.586     1181.719
      19.756        0.000      912.352     1181.719
      19.795        0.000      925.285     1181.719
      19.834        0.000      936.680     1181.719
      19.870        0.000      948.152     1181.719
      19.908        0.000      961.105     1181.719
      19.944        0.000      973.262     1181.719
      19.981        0.000      984.375     1181.719
      20.018        0.000      991.441     1181.719
      20.054        0.000     1001.816     1181.719
      20.091        0.000     1008.523     1181.719
      20.131        0.000     1013.305     1181.719
      20.168        0.000     1021.027     1181.719
      20.208        0.000     1039.035     1181.750
      20.248        0.000     1040.191     1182.059
      20.288        0.000      996.133     1113.199
      20.327        0.000     1000.203     1121.246
      20.360        0.000     1000.207     1121.246
      20.402        0.000     1000.215     1121.246
      20.442        0.000     1000.215     1121.246
      20.482        0.000      834.016     1094.594
      20.519        0.000      576.660      696.801
      20.556        0.000      609.738      753.285
      20.595        0.000      577.094      693.078
      20.629        0.000      501.398      616.773
      20.665        0.000      501.414      616.773
      20.696        0.000      501.414      616.773
      20.726        0.000      501.410      616.773
      20.756        0.000      501.410      616.773
      20.785        0.000      501.406      616.773
      20.814        0.000      501.633      617.035
      20.844        0.000      501.887      617.297
      20.873        0.000      501.887      617.297
      20.906        0.000      502.141      617.562
      20.935        0.000      502.395      617.824
      20.965        0.000      502.395      617.824
      20.995        0.000      502.590      617.824
      21.030        0.000      505.117      620.223
      21.064        0.000      506.801      622.070
      21.100        0.000      507.352      622.465
      21.136        0.000      497.949      582.020
      21.172        0.000      497.996      582.168
      21.200        0.000      497.996      582.168
      21.232        0.000      497.996      582.168
      21.264        0.000      497.996      582.168
      21.296        0.000      497.996      582.168
      21.327        0.000      497.996      582.168
      21.359        0.000      497.996      582.168
      21.391        0.000      497.996      582.168
      21.422        0.000      497.996      582.168
      21.451        0.000      497.992      582.168
      21.480        0.000      497.992      582.168
      21.509        0.000      497.992      582.168
      21.539        0.000      497.992      582.168
      21.569        0.000      497.992      582.168
      21.598        0.000      497.992      582.168
      21.626        0.000      497.992      582.168
      21.655        0.000      497.992      582.168
      21.684        0.000      497.992      582.168
      21.713        0.000      497.992      582.168
      21.742        0.000      497.992      582.168
      21.771        0.000      497.992      582.168
      21.800        0.000      497.992      582.168
      21.829        0.000      497.992      582.168
      21.859        0.000      497.992      582.168
      21.888        0.000      497.992      582.168
      21.917        0.000      497.992      582.168
      21.945        0.000      497.992      582.168
      21.975        0.000      497.992      582.168
      22.003        0.000      497.992      582.168
      22.032        0.000      497.992      582.168
      22.061        0.000      497.992      582.168
      22.091        0.000      497.992      582.168
      22.119        0.000      497.992      582.168
      22.149        0.000      497.992      582.168
      22.178        0.000      498.027      582.277
      22.207        0.000      498.027      582.277
      22.236        0.000      498.027      582.277
      22.265        0.000      497.977      582.160
      22.294        0.000      497.977      582.160
      22.323        0.000      497.977      582.160
      22.352        0.000      497.977      582.160
      22.381        0.000      497.977      582.160
      22.410        0.000      497.977      582.160
      22.438        0.000      497.977      582.160
      22.467        0.000      497.977      582.160
      22.496        0.000      497.977      582.160
      22.525        0.000      497.977      582.160
      22.555        0.000      497.977      582.160
      22.583        0.000      498.594      582.145
      22.613        0.000      501.746      582.352
      22.643        0.000      492.520      571.047
      22.673        0.000      492.520      571.047
      22.703        0.000      492.520      571.172
      22.735        0.000      483.605      562.004
      22.766        0.000      475.844      554.379
      22.797        0.000      476.898      554.984
      22.834        0.000      465.051      541.027
      22.877        0.000      419.215      497.262
      22.917        0.000      150.613      219.398
      22.964        0.000        2.578        2.941
