# Elapsed time   CPU (%)     Real (MB)   Virtual (MB)
       0.004        0.000       30.648       12.762
       0.048        0.000       30.984       12.879
       0.084        0.000       36.035       15.910
       0.112        0.000       39.082       16.324
       0.144        0.000       39.145       16.324
       0.175        0.000       39.148       16.324
       0.206        0.000       38.910       16.324
       0.237        0.000       39.004       16.324
       0.268        0.000       39.387       16.324
       0.300        0.000       39.312       16.324
       0.339        0.000       38.883       16.324
       0.371        0.000       38.844       16.309
       0.402        0.000       38.895       16.324
       0.433        0.000       38.891       16.309
       0.464        0.000       38.883       16.309
       0.496        0.000       43.203       22.051
       0.527        0.000       58.164       29.309
       0.589        0.000       62.844       30.867
       0.629        0.000       63.273       30.879
       0.660        0.000       63.555       31.129
       0.691        0.000       64.004       32.141
       0.722        0.000       63.809       31.367
       0.754        0.000       63.859       31.258
       0.785        0.000       64.348       32.152
       0.816        0.000       64.176       31.531
       0.847        0.000       64.703       32.539
       0.879        0.000       64.559       32.551
       0.910        0.000       64.750       32.512
       0.941        0.000       64.930       32.832
       0.972        0.000       64.777       32.129
       1.004        0.000       64.945       32.895
       1.035        0.000       64.906       32.223
       1.066        0.000       65.031       32.344
       1.116        0.000       66.781       32.609
       1.147        0.000       69.344       33.547
       1.178        0.000       73.855       35.766
       1.209        0.000       76.324       37.492
       1.241        0.000       77.035       38.000
       1.272        0.000       77.141       38.113
       1.303        0.000       77.141       38.113
       1.334        0.000       77.148       38.113
       1.366        0.000       77.195       38.156
       1.397        0.000       77.254       38.215
       1.428        0.000       77.262       38.227
       1.459        0.000       78.625       38.973
       1.490        0.000       82.383       40.629
       1.561        0.000       93.781       48.457
       1.613        0.000      107.250       61.109
       1.691        0.000      108.891       62.559
       1.722        0.000      116.129       69.734
       1.785        0.000      123.922       81.258
       1.834        0.000      129.414       86.094
       1.865        0.000      138.906       94.977
       1.943        0.000      145.527      101.602
       2.006        0.000      152.727      108.875
       2.057        0.000      161.383      117.129
       2.126        0.000      169.172      124.770
       2.173        0.000      169.172      124.770
       2.204        0.000      169.172      124.770
       2.236        0.000      169.172      124.770
       2.267        0.000      169.180      124.770
       2.298        0.000      169.172      124.770
       2.329        0.000      169.172      124.770
       2.361        0.000      169.180      125.031
       2.392        0.000      169.426      125.031
       2.423        0.000      169.426      125.031
       2.454        0.000      169.426      125.031
       2.486        0.000      169.426      125.031
       2.517        0.000      169.426      125.031
       2.548        0.000      169.426      125.031
       2.588        0.000      169.492      125.105
       2.616        0.000      169.492      125.105
       2.647        0.000      169.555      125.172
       2.694        0.000      169.555      125.172
       2.725        0.000      169.555      125.172
       2.756        0.000      169.555      125.172
       2.787        0.000      169.555      125.172
       2.819        0.000      169.699      125.309
       2.866        0.000      169.699      125.309
       2.897        0.000      169.715      125.309
       2.928        0.000      169.785      125.383
       2.959        0.000      169.945      125.559
       2.991        0.000      169.957      125.559
       3.022        0.000      169.961      125.559
       3.053        0.000      169.961      125.559
       3.089        0.000      170.156      125.758
       3.129        0.000      170.156      125.758
       3.160        0.000      170.223      125.832
       3.191        0.000      170.223      125.832
       3.222        0.000      170.223      125.832
       3.254        0.000      170.230      125.832
       3.285        0.000      170.230      125.832
       3.316        0.000      170.508      126.125
       3.347        0.000      170.508      126.125
       3.373        0.000      170.508      126.125
       3.404        0.000      170.918      126.570
       3.435        0.000      172.133      127.918
       3.467        0.000      174.441      130.285
       3.498        0.000      174.836      130.625
       3.529        0.000      174.836      130.625
       3.560        0.000      174.836      130.625
       3.597        0.000      174.836      130.625
       3.628        0.000      174.836      130.625
       3.659        0.000      174.836      130.625
       3.706        0.000      174.836      130.625
       3.737        0.000      174.824      130.625
       3.769        0.000      174.832      130.625
       3.800        0.000      174.844      130.699
       3.831        0.000      174.844      130.699
       3.862        0.000      174.844      130.699
       3.894        0.000      174.848      130.703
       3.925        0.000      174.848      130.703
       3.956        0.000      175.164      130.965
       3.987        0.000      175.199      131.000
       4.018        0.000      175.555      131.367
       4.050        0.000      175.695      131.520
       4.086        0.000      175.762      131.594
       4.113        0.000      176.016      131.844
       4.145        0.000      176.078      131.918
       4.176        0.000      176.207      132.059
       4.207        0.000      176.207      132.059
       4.238        0.000      176.250      132.125
       4.270        0.000      176.613      132.496
       4.301        0.000      176.797      132.699
       4.332        0.000      176.859      132.766
       4.363        0.000      176.859      132.766
       4.395        0.000      176.992      132.914
       4.426        0.000      176.992      132.914
       4.457        0.000      176.992      132.914
       4.488        0.000      176.992      132.914
       4.520        0.000      177.188      133.125
       4.551        0.000      177.188      133.125
       4.587        0.000      177.188      133.125
       4.615        0.000      177.383      133.336
       4.662        0.000      177.383      133.336
       4.693        0.000      177.383      133.336
       4.724        0.000      177.703      133.672
       4.755        0.000      177.703      133.672
       4.786        0.000      177.832      133.809
       4.818        0.000      177.832      133.809
       4.849        0.000      177.832      133.809
       4.880        0.000      177.832      133.809
       4.911        0.000      178.023      133.949
       4.943        0.000      178.023      133.949
       4.974        0.000      178.027      133.949
       5.005        0.000      178.105      134.023
       5.036        0.000      178.242      134.160
       5.081        0.000      178.312      134.234
       5.113        0.000      178.379      134.301
       5.144        0.000      178.379      134.301
       5.176        0.000      178.449      134.375
       5.207        0.000      178.449      134.375
       5.238        0.000      178.449      134.375
       5.269        0.000      178.449      134.375
       5.301        0.000      178.449      134.375
       5.332        0.000      178.723      134.648
       5.363        0.000      178.777      134.723
       5.394        0.000      178.777      134.723
       5.426        0.000      178.777      134.723
       5.457        0.000      178.777      134.723
       5.488        0.000      178.906      134.859
       5.519        0.000      178.926      134.859
       5.551        0.000      179.043      134.996
       5.585        0.000      179.344      135.371
       5.613        0.000      179.344      135.371
       5.644        0.000      179.352      135.371
       5.675        0.000      179.352      135.371
       5.706        0.000      179.352      135.371
       5.737        0.000      179.352      135.371
       5.769        0.000      179.422      135.445
       5.800        0.000      179.422      135.445
       5.831        0.000      179.430      135.445
       5.862        0.000      179.555      135.582
       5.894        0.000      180.238      136.309
       5.925        0.000      180.301      136.375
       5.956        0.000      180.367      136.449
       5.987        0.000      180.367      136.449
       6.019        0.000      180.371      136.449
       6.050        0.000      180.438      136.523
       6.083        0.000      180.438      136.523
       6.114        0.000      180.438      136.523
       6.145        0.000      180.438      136.523
       6.176        0.000      180.633      136.734
       6.208        0.000      180.633      136.734
       6.239        0.000      180.633      136.734
       6.270        0.000      180.773      136.871
       6.301        0.000      180.836      136.871
       6.332        0.000      180.836      136.871
       6.360        0.000      180.902      136.945
       6.396        0.000      180.910      136.945
       6.428        0.000      181.270      137.277
       6.464        0.000      181.391      137.414
       6.500        0.000      181.391      137.414
       6.536        0.000      181.391      137.414
       6.572        0.000      181.391      137.414
       6.608        0.000      181.391      137.414
       6.640        0.000      181.402      137.414
       6.676        0.000      181.402      137.414
       6.712        0.000      181.402      137.414
       6.744        0.000      181.402      137.414
       6.780        0.000      181.523      137.562
       6.811        0.000      181.652      137.699
       6.842        0.000      181.777      137.828
       6.873        0.000      181.777      137.828
       6.905        0.000      181.777      137.828
       6.936        0.000      181.777      137.828
       6.967        0.000      181.777      137.828
       6.998        0.000      181.949      137.969
       7.030        0.000      182.336      138.367
       7.061        0.000      182.336      138.367
       7.089        0.000      182.543      138.578
       7.133        0.000      182.559      138.598
       7.164        0.000      182.699      138.734
       7.196        0.000      182.574      138.570
       7.227        0.000      184.293      140.359
       7.258        0.000      186.082      142.344
       7.289        0.000      187.043      143.352
       7.321        0.000      189.188      146.742
       7.352        0.000      191.027      147.984
       7.383        0.000      192.863      149.102
       7.414        0.000      195.773      151.148
       7.446        0.000      200.383      153.734
       7.477        0.000      203.871      155.762
       7.508        0.000      209.941      160.113
       7.539        0.000      214.934      162.055
       7.568        0.000      223.777      297.945
       7.599        0.000      226.105      312.941
       7.630        0.000      227.234      312.988
       7.662        0.000      227.551      312.988
       7.693        0.000      227.859      312.988
       7.724        0.000      228.195      312.988
       7.755        0.000      228.641      312.988
       7.787        0.000      228.969      312.988
       7.818        0.000      234.488      315.699
       7.865        0.000      235.973      316.195
       7.896        0.000      236.008      316.195
       7.927        0.000      236.008      316.195
       7.958        0.000      236.496      316.703
       7.990        0.000      241.414      318.527
       8.037        0.000      241.430      318.527
       8.068        0.000      241.430      318.527
       8.128        0.000      252.137      322.379
       8.174        0.000      252.520      322.379
       8.206        0.000      252.520      322.379
       8.237        0.000      256.348      324.473
       8.284        0.000      256.500      325.062
       8.315        0.000      257.504      325.719
       8.346        0.000      259.730      327.949
       8.393        0.000      259.051      327.855
       8.424        0.000      260.289      328.828
       8.456        0.000      260.684      329.473
       8.487        0.000      260.684      329.473
       8.518        0.000      262.242      329.473
       8.574        0.000      262.242      329.473
       8.598        0.000      265.055      330.637
       8.660        0.000      263.812      329.262
       8.692        0.000      263.945      329.383
       8.723        0.000      263.996      330.156
       8.754        0.000      263.996      330.156
       8.785        0.000      264.172      330.156
       8.817        0.000      264.172      330.156
       8.848        0.000      264.172      330.156
       8.879        0.000      264.215      330.156
       8.910        0.000      264.215      330.156
       8.942        0.000      265.371      331.332
       8.973        0.000      265.422      331.340
       9.004        0.000      265.422      331.340
       9.035        0.000      265.422      331.340
       9.067        0.000      265.422      331.340
       9.099        0.000      265.422      331.340
       9.131        0.000      265.422      331.340
       9.162        0.000      265.422      331.340
       9.193        0.000      266.219      332.402
       9.224        0.000      269.176      336.418
       9.256        0.000      270.941      338.238
       9.287        0.000      275.621      343.086
       9.334        0.000      273.332      340.898
       9.365        0.000      273.375      341.145
       9.396        0.000      273.375      341.145
       9.427        0.000      273.375      341.145
       9.459        0.000      273.652      342.156
       9.490        0.000      276.586      346.113
       9.521        0.000      280.492      352.758
       9.552        0.000      281.172      354.500
       9.584        0.000      282.562      357.219
       9.612        0.000      286.219      358.582
       9.643        0.000      296.309      369.355
       9.690        0.000      308.238      382.855
       9.722        0.000      318.125      392.344
       9.753        0.000      330.617      406.070
       9.784        0.000      342.039      415.723
       9.815        0.000      348.957      424.789
       9.847        0.000      350.109      424.789
       9.878        0.000      354.168      427.246
       9.925        0.000      351.727      424.926
       9.956        0.000      353.859      426.809
       9.987        0.000      355.418      428.844
      10.034        0.000      358.883      430.480
      10.076        0.000      359.262      430.918
      10.112        0.000      359.641      431.230
      10.143        0.000      360.074      431.480
      10.174        0.000      362.453      443.414
      10.206        0.000      363.359      444.320
      10.237        0.000      364.141      444.887
      10.268        0.000      364.492      445.199
      10.299        0.000      367.828      446.645
      10.331        0.000      368.230      447.145
      10.362        0.000      368.637      447.523
      10.393        0.000      369.793      448.039
      10.424        0.000      372.652      449.859
      10.456        0.000      372.844      449.004
      10.487        0.000      374.254      449.637
      10.534        0.000      374.469      449.715
      10.566        0.000      374.469      449.715
      10.598        0.000      374.469      449.715
      10.629        0.000      374.957      449.781
      10.691        0.000      380.598      463.516
      10.738        0.000      382.512      465.387
      10.785        0.000      382.938      465.641
      10.832        0.000      383.211      466.082
      10.863        0.000      383.555      466.254
      10.910        0.000      383.555      466.254
      10.941        0.000      383.555      466.254
      10.973        0.000      383.914      466.656
      11.035        0.000      388.730      472.340
      11.066        0.000      388.371      471.973
      11.115        0.000      390.133      473.684
      11.146        0.000      390.984      474.629
      11.177        0.000      391.742      475.184
      11.208        0.000      392.910      476.418
      11.240        0.000      394.332      476.730
      11.271        0.000      396.133      478.594
      11.302        0.000      397.688      480.395
      11.333        0.000      393.641      476.844
      11.368        0.000      394.180      477.207
      11.396        0.000      399.691      479.164
      11.436        0.000      400.496      479.918
      11.472        0.000      404.727      501.480
      11.512        0.000      405.352      502.047
      11.548        0.000      408.195      502.738
      11.580        0.000      413.023      504.359
      11.640        0.000      416.625      505.219
      11.700        0.000      417.715      506.027
      11.752        0.000      420.191      507.211
      11.792        0.000      421.086      508.742
      11.832        0.000      421.625      508.809
      11.872        0.000      423.441      509.469
      11.912        0.000      430.477      527.434
      11.956        0.000      433.918      527.996
      11.996        0.000      434.840      528.902
      12.036        0.000      434.840      528.902
      12.072        0.000      434.871      528.965
      12.112        0.000      435.055      529.152
      12.152        0.000      438.172      531.969
      12.188        0.000      449.914      543.668
      12.224        0.000      452.516      546.277
      12.260        0.000      452.766      546.535
      12.300        0.000      453.844      547.707
      12.336        0.000      455.434      549.359
      12.376        0.000      456.746      550.734
      12.416        0.000      457.957      551.949
      12.452        0.000      459.410      553.500
      12.480        0.000      459.934      554.000
      12.512        0.000      461.047      555.223
      12.543        0.000      462.480      556.711
      12.574        0.000      464.355      558.566
      12.605        0.000      466.191      560.527
      12.637        0.000      468.184      561.730
      12.677        0.000      469.242      561.996
      12.708        0.000      469.863      562.129
      12.739        0.000      473.605      564.160
      12.786        0.000      476.602      566.820
      12.833        0.000      481.184      571.469
      12.864        0.000      483.945      572.965
      12.895        0.000      484.109      572.559
      12.927        0.000      482.812      570.320
      12.958        0.000      483.785      570.703
      12.989        0.000      491.172      571.402
      13.020        0.000      493.336      582.797
      13.067        0.000      494.348      582.797
      13.098        0.000      497.613      584.078
      13.130        0.000      501.805      584.340
      13.161        0.000      503.273      581.438
      13.192        0.000      504.723      581.750
      13.223        0.000      505.473      582.223
      13.255        0.000      505.473      582.223
      13.286        0.000      505.535      582.258
      13.317        0.000      505.535      582.258
      13.348        0.000      505.535      582.258
      13.380        0.000      505.535      582.258
      13.411        0.000      505.535      582.258
      13.442        0.000      505.535      582.258
      13.473        0.000      505.535      582.258
      13.505        0.000      505.535      582.258
      13.536        0.000      505.535      582.258
      13.567        0.000      505.535      582.258
      13.598        0.000      505.566      582.258
      13.626        0.000      505.879      582.324
      13.670        0.000      506.461      582.570
      13.701        0.000      506.461      582.570
      13.732        0.000      506.398      582.426
      13.764        0.000      506.398      582.426
      13.795        0.000      506.398      582.426
      13.826        0.000      506.398      582.426
      13.857        0.000      506.398      582.426
      13.889        0.000      506.398      582.426
      13.920        0.000      506.398      582.426
      13.951        0.000      506.398      582.426
      13.982        0.000      506.398      582.426
      14.013        0.000      508.242      656.852
      14.045        0.000      510.465      656.852
      14.076        0.000      513.418      656.852
      14.107        0.000      516.422      656.852
      14.138        0.000      519.176      656.852
      14.170        0.000      532.430      656.852
      14.201        0.000      536.090      644.816
      14.232        0.000      542.398      642.805
      14.263        0.000      548.969      642.805
      14.295        0.000      554.793      642.805
      14.326        0.000      560.652      642.805
      14.357        0.000      566.957      646.828
      14.388        0.000      571.191      647.090
      14.420        0.000      583.547      663.211
      14.467        0.000      592.305      695.379
      14.498        0.000      615.328      751.602
      14.529        0.000      645.281      751.602
      14.560        0.000      651.855      751.602
      14.591        0.000      651.855      751.602
      14.623        0.000      652.117      751.602
      14.654        0.000      653.805      751.602
      14.685        0.000      654.871      751.602
      14.716        0.000      655.934      751.602
      14.748        0.000      657.102      751.602
      14.779        0.000      658.234      751.602
      14.810        0.000      659.309      751.602
      14.841        0.000      660.199      751.602
      14.873        0.000      661.047      751.602
      14.904        0.000      661.898      751.602
      14.935        0.000      662.566      751.602
      14.966        0.000      663.305      751.602
      14.998        0.000      664.016      751.602
      15.029        0.000      664.770      751.602
      15.060        0.000      665.387      751.602
      15.091        0.000      665.910      751.602
      15.123        0.000      659.207      747.582
      15.154        0.000      627.781      739.566
      15.185        0.000      637.148      739.566
      15.216        0.000      651.504      759.648
      15.248        0.000      667.871      759.648
      15.279        0.000      667.871      759.648
      15.310        0.000      627.785      707.449
      15.341        0.000      631.805      739.566
      15.373        0.000      640.594      739.566
      15.404        0.000      654.039      759.648
      15.435        0.000      672.742      775.520
      15.466        0.000      663.676      771.500
      15.498        0.000      640.000      771.461
      15.529        0.000      663.207      771.461
      15.560        0.000      672.059     1151.930
      15.591        0.000      684.176     1177.613
      15.622        0.000      697.188     1191.949
      15.654        0.000      704.582     1191.949
      15.685        0.000      717.859     1191.949
      15.716        0.000      728.438     1191.949
      15.747        0.000      742.512     1196.980
      15.779        0.000      753.516     1196.980
      15.815        0.000      768.664     1196.980
      15.847        0.000      782.008     1196.980
      15.878        0.000      790.137     1196.980
      15.909        0.000      798.895     1196.980
      15.940        0.000      811.066     1196.980
      15.971        0.000      818.164     1196.980
      16.003        0.000      828.215     1196.980
      16.034        0.000      840.586     1196.980
      16.065        0.000      846.781     1197.949
      16.096        0.000      855.664     1197.949
      16.128        0.000      860.023     1197.949
      16.159        0.000      865.164     1197.949
      16.190        0.000      869.332     1197.949
      16.221        0.000      874.105     1197.949
      16.253        0.000      879.906     1197.949
      16.284        0.000      891.691     1197.949
      16.315        0.000      906.969     1197.949
      16.346        0.000      913.270     1197.949
      16.380        0.000      914.184     1197.730
      16.412        0.000      925.375     1197.730
      16.448        0.000      939.445     1197.656
      16.484        0.000      952.770     1197.656
      16.524        0.000      970.176     1197.656
      16.564        0.000      982.730     1197.656
      16.600        0.000      995.016     1197.656
      16.636        0.000     1006.316     1197.656
      16.672        0.000     1015.375     1197.656
      16.712        0.000     1022.895     1197.656
      16.748        0.000     1039.246     1197.656
      16.780        0.000     1054.043     1197.691
      16.811        0.000     1058.844     1198.000
      16.842        0.000     1058.844     1198.000
      16.873        0.000     1023.953     1157.230
      16.905        0.000     1018.848     1137.180
      16.936        0.000     1018.848     1137.180
      16.967        0.000     1018.855     1137.180
      16.998        0.000     1018.855     1137.180
      17.030        0.000      917.777     1110.531
      17.061        0.000      638.613     1110.531
      17.092        0.000      609.016      769.238
      17.123        0.000      648.301      769.238
      17.155        0.000      520.305      636.746
      17.186        0.000      519.898      632.723
      17.217        0.000      519.898      632.723
      17.248        0.000      519.898      632.723
      17.280        0.000      519.891      632.723
      17.311        0.000      519.891      632.723
      17.342        0.000      519.887      632.723
      17.373        0.000      519.883      632.723
      17.405        0.000      520.391      633.250
      17.436        0.000      520.391      633.250
      17.467        0.000      520.641      633.512
      17.498        0.000      520.895      633.773
      17.530        0.000      521.023      633.910
      17.561        0.000      521.086      633.910
      17.592        0.000      521.965      634.520
      17.623        0.000      522.551      635.309
      17.655        0.000      522.898      635.633
      17.686        0.000      522.918      635.633
      17.717        0.000      522.918      635.633
      17.748        0.000      522.918      635.633
      17.779        0.000      523.164      635.762
      17.826        0.000      524.328      636.613
      17.858        0.000      524.367      636.613
      17.889        0.000      524.367      636.613
      17.920        0.000      513.238      628.285
      17.951        0.000      516.395      631.426
      17.983        0.000      516.805      631.676
      18.014        0.000      516.832      631.738
      18.045        0.000      516.832      631.738
      18.076        0.000      516.832      631.738
      18.108        0.000      516.840      631.738
      18.139        0.000      516.840      631.738
      18.170        0.000      516.840      631.738
      18.202        0.000      516.840      631.738
      18.233        0.000      516.840      631.738
      18.264        0.000      516.969      601.766
      18.295        0.000      506.676      590.613
      18.341        0.000      506.938      590.758
      18.401        0.000      506.938      590.758
      18.429        0.000      506.938      590.758
      18.461        0.000      506.938      590.758
      18.492        0.000      506.938      590.758
      18.523        0.000      506.938      590.758
      18.563        0.000      506.938      590.758
      18.595        0.000      506.938      590.758
      18.626        0.000      506.938      590.758
      18.666        0.000      506.938      590.758
      18.697        0.000      506.938      590.758
      18.728        0.000      506.938      590.758
      18.760        0.000      506.938      590.758
      18.791        0.000      506.938      590.758
      18.822        0.000      506.938      590.758
      18.850        0.000      506.938      590.758
      18.878        0.000      506.938      590.758
      18.909        0.000      506.938      590.758
      18.940        0.000      506.938      590.758
      18.980        0.000      506.938      590.758
      19.012        0.000      506.938      590.758
      19.043        0.000      506.938      590.758
      19.074        0.000      506.938      590.758
      19.105        0.000      506.938      590.758
      19.137        0.000      506.938      590.758
      19.168        0.000      506.938      590.758
      19.199        0.000      506.938      590.758
      19.230        0.000      506.938      590.758
      19.262        0.000      506.938      590.758
      19.293        0.000      506.938      590.758
      19.324        0.000      506.938      590.758
      19.352        0.000      507.027      590.766
      19.384        0.000      507.027      590.766
      19.412        0.000      507.027      590.766
      19.440        0.000      507.027      590.766
      19.468        0.000      506.965      590.648
      19.497        0.000      506.965      590.648
      19.525        0.000      506.965      590.648
      19.551        0.000      506.965      590.648
      19.579        0.000      506.965      590.648
      19.608        0.000      506.965      590.648
      19.636        0.000      506.965      590.648
      19.665        0.000      506.965      590.648
      19.695        0.000      506.965      590.648
      19.723        0.000      506.965      590.648
      19.764        0.000      506.965      590.648
      19.795        0.000      506.965      590.648
      19.827        0.000      506.965      590.648
      19.863        0.000      507.066      590.941
      19.894        0.000      497.402      580.191
      19.926        0.000      497.402      580.191
      19.957        0.000      497.402      580.191
      19.988        0.000      494.277      577.855
      20.019        0.000      480.191      562.348
      20.051        0.000      481.340      565.031
      20.082        0.000      457.594      533.391
      20.129        0.000      418.352      497.824
      20.175        0.000      158.844      240.879
      20.222        0.000        2.613        2.945
