# Elapsed time   CPU (%)     Real (MB)   Virtual (MB)
       0.000        0.000       22.371       12.016
       0.034        0.000       30.312       12.574
       0.068        0.000       35.445       15.531
       0.101        0.000       38.977       16.258
       0.131        0.000       38.906       16.258
       0.160        0.000       38.652       16.258
       0.188        0.000       38.871       16.258
       0.216        0.000       38.973       16.258
       0.243        0.000       38.582       16.258
       0.270        0.000       38.613       16.258
       0.299        0.000       38.555       16.258
       0.326        0.000       38.590       16.242
       0.354        0.000       38.590       16.242
       0.382        0.000       48.098       26.242
       0.417        0.000       57.754       29.074
       0.448        0.000       61.043       30.227
       0.483        0.000       64.766       32.980
       0.517        0.000       66.945       34.875
       0.548        0.000       69.832       37.773
       0.579        0.000       70.359       38.445
       0.613        0.000       71.422       39.367
       0.644        0.000       72.977       41.051
       0.679        0.000       73.941       42.020
       0.707        0.000       75.223       43.371
       0.742        0.000       75.945       44.012
       0.772        0.000       76.977       44.883
       0.805        0.000       77.980       46.176
       0.839        0.000       78.328       46.176
       0.867        0.000       78.953       46.719
       0.899        0.000       80.746       46.852
       0.929        0.000       85.391       50.695
       0.962        0.000       89.246       50.828
       0.994        0.000       93.527       53.469
       1.025        0.000       99.191       56.828
       1.058        0.000      107.906       62.602
       1.096        0.000      114.305       68.602
       1.131        0.000      118.520       72.867
       1.165        0.000      125.113       78.074
       1.219        0.000      132.086       88.898
       1.255        0.000      142.914       99.516
       1.312        0.000      150.477      107.207
       1.351        0.000      157.723      114.418
       1.383        0.000      162.281      119.031
       1.419        0.000      170.043      128.203
       1.454        0.000      173.770      131.773
       1.503        0.000      181.926      139.445
       1.541        0.000      190.270      147.367
       1.574        0.000      191.984      148.336
       1.601        0.000      193.484      149.285
       1.628        0.000      197.219      151.383
       1.656        0.000      200.852      153.664
       1.682        0.000      205.102      155.988
       1.710        0.000      210.527      160.102
       1.738        0.000      214.055      160.934
       1.768        0.000      219.051      199.699
       1.799        0.000      224.582      312.359
       1.826        0.000      226.402      312.504
       1.855        0.000      226.754      312.504
       1.883        0.000      227.059      312.504
       1.911        0.000      227.445      312.504
       1.942        0.000      227.773      312.504
       1.970        0.000      228.129      312.504
       1.999        0.000      228.441      312.504
       2.026        0.000      234.078      315.094
       2.069        0.000      235.465      315.598
       2.103        0.000      235.465      315.598
       2.130        0.000      235.465      315.598
       2.165        0.000      237.352      316.367
       2.195        0.000      239.285      317.211
       2.231        0.000      240.273      317.418
       2.261        0.000      240.273      317.418
       2.288        0.000      240.602      317.418
       2.319        0.000      246.730      319.961
       2.366        0.000      246.730      319.961
       2.392        0.000      246.730      319.961
       2.422        0.000      255.742      323.387
       2.518        0.000      258.910      326.852
       2.554        0.000      259.098      326.672
       2.587        0.000      257.207      325.133
       2.614        0.000      257.207      325.133
       2.641        0.000      257.383      325.305
       2.679        0.000      257.383      325.305
       2.707        0.000      257.383      325.305
       2.734        0.000      257.383      325.305
       2.761        0.000      257.383      325.305
       2.792        0.000      257.391      325.305
       2.823        0.000      257.613      325.305
       2.859        0.000      257.613      325.305
       2.894        0.000      260.977      325.492
       2.956        0.000      261.453      325.688
       2.985        0.000      263.074      327.316
       3.033        0.000      261.930      327.219
       3.059        0.000      261.930      327.219
       3.093        0.000      261.734      326.133
       3.130        0.000      263.266      339.914
       3.167        0.000      264.664      342.031
       3.199        0.000      264.664      342.031
       3.226        0.000      264.664      342.031
       3.252        0.000      264.664      342.031
       3.279        0.000      264.664      342.031
       3.305        0.000      264.664      342.031
       3.333        0.000      264.664      342.031
       3.360        0.000      264.664      342.031
       3.386        0.000      264.664      342.031
       3.414        0.000      266.285      344.215
       3.446        0.000      266.566      344.473
       3.473        0.000      266.566      344.473
       3.499        0.000      266.570      344.473
       3.528        0.000      268.996      347.766
       3.561        0.000      272.652      351.805
       3.601        0.000      276.727      357.082
       3.635        0.000      277.871      358.832
       3.669        0.000      277.898      358.832
       3.696        0.000      278.113      358.832
       3.724        0.000      278.188      358.910
       3.754        0.000      278.211      358.910
       3.789        0.000      278.211      358.910
       3.815        0.000      279.598      362.617
       3.848        0.000      281.102      366.195
       3.877        0.000      282.180      368.934
       3.908        0.000      283.793      370.504
       3.944        0.000      294.383      381.355
       3.980        0.000      303.699      390.168
       4.014        0.000      315.105      403.508
       4.042        0.000      326.551      413.168
       4.069        0.000      338.000      426.758
       4.097        0.000      348.363      436.414
       4.124        0.000      350.344      437.078
       4.170        0.000      354.340      439.785
       4.213        0.000      353.758      438.945
       4.252        0.000      354.711      439.633
       4.282        0.000      355.211      440.391
       4.319        0.000      359.207      441.703
       4.351        0.000      359.781      442.133
       4.388        0.000      360.086      442.445
       4.420        0.000      361.059      443.500
       4.452        0.000      362.207      444.645
       4.484        0.000      364.426      445.543
       4.521        0.000      367.957      446.105
       4.552        0.000      376.641      472.523
       4.588        0.000      376.965      472.898
       4.621        0.000      377.398      473.148
       4.654        0.000      377.816      473.773
       4.684        0.000      378.602      474.113
       4.713        0.000      379.133      474.801
       4.743        0.000      379.824      475.410
       4.775        0.000      381.035      476.645
       4.818        0.000      381.441      477.195
       4.849        0.000      381.441      477.195
       4.876        0.000      381.441      477.195
       4.904        0.000      381.469      477.195
       4.934        0.000      381.719      477.387
       4.968        0.000      382.352      477.949
       5.003        0.000      382.898      478.523
       5.040        0.000      388.086      479.973
       5.086        0.000      389.164      481.387
       5.146        0.000      389.473      481.555
       5.176        0.000      389.473      481.555
       5.204        0.000      389.473      481.555
       5.232        0.000      389.473      481.555
       5.260        0.000      389.809      481.953
       5.295        0.000      391.242      483.359
       5.328        0.000      392.887      484.816
       5.360        0.000      393.609      485.621
       5.390        0.000      394.738      486.594
       5.423        0.000      395.516      487.172
       5.454        0.000      396.336      487.797
       5.486        0.000      401.852      493.457
       5.558        0.000      401.000      492.824
       5.595        0.000      401.000      492.824
       5.622        0.000      401.570      493.156
       5.656        0.000      402.336      494.035
       5.684        0.000      402.824      494.395
       5.717        0.000      409.957      523.004
       5.760        0.000      413.773      523.508
       5.794        0.000      415.816      523.879
       5.827        0.000      418.977      525.430
       5.862        0.000      423.273      526.676
       5.914        0.000      425.273      527.113
       5.954        0.000      425.711      527.375
       5.988        0.000      427.086      527.812
       6.020        0.000      428.609      529.688
       6.054        0.000      429.867      530.484
       6.091        0.000      429.926      530.484
       6.126        0.000      431.973      531.355
       6.159        0.000      440.648      549.395
       6.196        0.000      442.211      549.617
       6.229        0.000      442.930      550.383
       6.260        0.000      442.930      550.383
       6.296        0.000      443.066      550.598
       6.330        0.000      443.203      550.723
       6.361        0.000      443.543      550.723
       6.394        0.000      454.547      561.738
       6.426        0.000      461.406      568.555
       6.458        0.000      461.785      568.957
       6.489        0.000      461.938      569.086
       6.517        0.000      462.785      569.953
       6.545        0.000      464.281      571.504
       6.578        0.000      465.461      572.793
       6.610        0.000      466.609      573.949
       6.641        0.000      467.625      575.031
       6.677        0.000      468.801      576.246
       6.706        0.000      470.180      577.684
       6.733        0.000      472.246      580.152
       6.764        0.000      473.824      581.422
       6.792        0.000      475.207      582.848
       6.823        0.000      476.688      582.992
       6.854        0.000      477.500      583.391
       6.884        0.000      478.984      584.035
       6.920        0.000      481.898      586.621
       6.973        0.000      487.059      590.695
       7.013        0.000      489.316      593.012
       7.047        0.000      484.055      587.586
       7.081        0.000      485.469      588.500
       7.115        0.000      486.340      589.457
       7.148        0.000      488.188      590.586
       7.175        0.000      496.996      603.043
       7.209        0.000      496.988      602.266
       7.243        0.000      497.840      603.516
       7.272        0.000      502.855      603.590
       7.301        0.000      504.551      603.805
       7.332        0.000      506.844      604.117
       7.363        0.000      508.930      604.191
       7.393        0.000      509.590      604.824
       7.422        0.000      509.684      604.824
       7.450        0.000      511.488      604.824
       7.484        0.000      514.352      605.473
       7.513        0.000      514.352      605.473
       7.541        0.000      517.719      610.840
       7.571        0.000      521.000      611.500
       7.600        0.000      531.875      624.379
       7.630        0.000      532.730      624.379
       7.662        0.000      534.055      625.641
       7.691        0.000      536.152      663.074
       7.720        0.000      545.098      688.684
       7.750        0.000      556.582      688.805
       7.783        0.000      573.852      702.789
       7.817        0.000      575.105      702.789
       7.846        0.000      572.590      702.789
       7.875        0.000      534.879      659.988
       7.907        0.000      530.586      654.832
       7.936        0.000      530.594      654.832
       7.967        0.000      530.594      654.832
       7.994        0.000      530.590      654.832
       8.023        0.000      530.590      654.832
       8.050        0.000      530.586      654.832
       8.080        0.000      530.586      654.832
       8.108        0.000      530.582      654.832
       8.135        0.000      530.578      654.832
       8.161        0.000      530.578      654.832
       8.190        0.000      530.574      654.832
       8.217        0.000      530.574      654.832
       8.245        0.000      530.559      654.832
       8.272        0.000      530.559      654.832
       8.300        0.000      530.859      654.801
       8.331        0.000      533.762      655.320
       8.365        0.000      536.512      651.480
       8.399        0.000      536.852      651.863
       8.431        0.000      536.852      651.863
       8.458        0.000      536.852      651.863
       8.486        0.000      536.852      651.863
       8.515        0.000      537.012      651.930
       8.547        0.000      537.703      652.445
       8.595        0.000      537.703      652.445
       8.628        0.000      537.703      652.445
       8.655        0.000      537.703      652.445
       8.683        0.000      538.012      652.828
       8.716        0.000      538.480      653.199
       8.746        0.000      538.512      653.199
       8.774        0.000      538.512      653.199
       8.801        0.000      538.512      653.199
       8.829        0.000      538.527      653.199
       8.858        0.000      538.527      653.199
       8.887        0.000      538.527      653.199
       8.915        0.000      538.527      653.199
       8.943        0.000      538.562      653.199
       8.973        0.000      528.062      612.844
       9.015        0.000      528.418      612.961
       9.055        0.000      528.254      612.980
       9.089        0.000      528.254      612.980
       9.116        0.000      528.254      612.980
       9.145        0.000      528.254      612.980
       9.172        0.000      528.254      612.980
       9.202        0.000      528.254      612.980
       9.230        0.000      528.254      612.980
       9.259        0.000      528.254      612.980
       9.286        0.000      528.254      612.980
       9.314        0.000      528.254      612.980
       9.342        0.000      528.254      612.980
       9.370        0.000      528.254      612.980
       9.399        0.000      528.254      612.977
       9.429        0.000      528.254      612.977
       9.457        0.000      528.254      612.977
       9.486        0.000      528.254      612.977
       9.514        0.000      528.250      612.977
       9.542        0.000      528.250      612.977
       9.570        0.000      528.250      612.977
       9.597        0.000      528.250      612.977
       9.625        0.000      528.250      612.977
       9.652        0.000      528.250      612.977
       9.681        0.000      528.250      612.977
       9.709        0.000      528.250      612.977
       9.737        0.000      528.250      612.977
       9.764        0.000      528.250      612.977
       9.791        0.000      528.250      612.977
       9.817        0.000      528.250      612.977
       9.845        0.000      528.250      612.977
       9.873        0.000      528.250      612.977
       9.901        0.000      528.250      612.977
       9.929        0.000      528.250      612.977
       9.956        0.000      528.250      612.977
       9.985        0.000      528.250      612.977
      10.013        0.000      528.250      612.977
      10.041        0.000      528.324      612.980
      10.069        0.000      528.324      612.980
      10.097        0.000      528.324      612.980
      10.124        0.000      528.262      612.863
      10.152        0.000      528.262      612.863
      10.180        0.000      528.262      612.863
      10.208        0.000      528.262      612.863
      10.236        0.000      528.262      612.863
      10.264        0.000      528.262      612.863
      10.292        0.000      528.262      612.863
      10.320        0.000      528.262      612.863
      10.347        0.000      528.262      612.863
      10.375        0.000      528.262      612.863
      10.403        0.000      528.262      612.863
      10.431        0.000      528.262      612.863
      10.459        0.000      528.352      612.844
      10.490        0.000      528.180      612.227
      10.518        0.000      518.629      602.766
      10.549        0.000      518.629      602.766
      10.578        0.000      518.629      602.766
      10.606        0.000      508.637      592.379
      10.634        0.000      500.410      582.867
      10.662        0.000      501.566      588.367
      10.695        0.000      494.105      579.051
      10.731        0.000      437.805      522.168
      10.772        0.000      275.461      352.262
      10.814        0.000        9.039        4.629
