# Elapsed time   CPU (%)     Real (MB)   Virtual (MB)
       0.000        0.000       28.910       12.711
       0.034        0.000       30.570       12.746
       0.065        0.000       35.879       15.820
       0.096        0.000       38.859       16.441
       0.128        0.000       39.020       16.395
       0.159        0.000       39.391       16.395
       0.190        0.000       39.230       16.395
       0.221        0.000       39.070       16.395
       0.257        0.000       39.281       16.395
       0.293        0.000       39.293       16.395
       0.340        0.000       39.242       16.395
       0.372        0.000       38.988       16.395
       0.403        0.000       38.875       16.379
       0.434        0.000       39.328       16.477
       0.465        0.000       52.254       28.367
       0.497        0.000       58.227       29.809
       0.528        0.000       60.891       30.000
       0.559        0.000       63.973       32.082
       0.590        0.000       64.422       32.062
       0.622        0.000       65.000       32.871
       0.653        0.000       65.727       33.320
       0.684        0.000       67.359       35.168
       0.715        0.000       68.922       36.492
       0.747        0.000       70.145       38.141
       0.794        0.000       71.035       38.949
       0.826        0.000       71.352       39.621
       0.857        0.000       72.809       40.688
       0.888        0.000       73.938       41.965
       0.919        0.000       74.562       42.559
       0.951        0.000       75.113       42.812
       0.982        0.000       75.633       43.406
       1.013        0.000       76.281       44.070
       1.044        0.000       76.945       44.492
       1.076        0.000       77.531       44.961
       1.107        0.000       81.660       45.934
       1.138        0.000       82.004       46.227
       1.169        0.000       82.566       46.789
       1.193        0.000       83.293       47.520
       1.225        0.000       83.383       47.586
       1.253        0.000       83.383       47.586
       1.280        0.000       83.383       47.586
       1.312        0.000       83.383       47.586
       1.343        0.000       83.383       47.586
       1.374        0.000       83.383       47.586
       1.405        0.000       83.383       47.586
       1.437        0.000       83.383       47.586
       1.468        0.000       83.383       47.586
       1.499        0.000       83.383       47.586
       1.530        0.000       83.383       47.586
       1.561        0.000       83.383       47.586
       1.593        0.000       83.383       47.586
       1.624        0.000       83.383       47.586
       1.655        0.000       83.383       47.586
       1.686        0.000       83.383       47.586
       1.718        0.000       83.383       47.586
       1.750        0.000       83.383       47.586
       1.778        0.000       83.383       47.586
       1.809        0.000       83.383       47.586
       1.834        0.000       83.383       47.586
       1.865        0.000       83.383       47.586
       1.896        0.000       83.383       47.586
       1.928        0.000       83.383       47.586
       1.959        0.000       83.383       47.586
       1.990        0.000       83.383       47.586
       2.021        0.000       83.383       47.586
       2.052        0.000       83.383       47.586
       2.084        0.000       83.383       47.586
       2.115        0.000       83.383       47.586
       2.146        0.000       83.383       47.586
       2.177        0.000       83.383       47.586
       2.209        0.000       83.383       47.586
       2.240        0.000       83.383       47.586
       2.280        0.000       83.383       47.586
       2.311        0.000       83.383       47.586
       2.342        0.000       83.383       47.586
       2.374        0.000       83.383       47.586
       2.405        0.000       83.383       47.586
       2.436        0.000       83.383       47.586
       2.467        0.000       83.383       47.586
       2.499        0.000       83.383       47.586
       2.530        0.000       83.383       47.586
       2.561        0.000       83.383       47.586
       2.592        0.000       83.383       47.586
       2.624        0.000       83.383       47.586
       2.655        0.000       83.383       47.586
       2.686        0.000       83.383       47.586
       2.717        0.000       83.383       47.586
       2.749        0.000       83.383       47.586
       2.781        0.000       83.383       47.586
       2.805        0.000       83.383       47.586
       2.833        0.000       83.383       47.586
       2.862        0.000       83.383       47.586
       2.894        0.000       83.383       47.586
       2.922        0.000       83.383       47.586
       2.954        0.000       83.383       47.586
       2.982        0.000       83.383       47.586
       3.010        0.000       83.383       47.586
       3.038        0.000       83.383       47.586
       3.070        0.000       83.383       47.586
       3.098        0.000       83.383       47.586
       3.138        0.000       83.383       47.586
       3.170        0.000       83.383       47.586
       3.198        0.000       83.383       47.586
       3.238        0.000       83.383       47.586
       3.270        0.000       83.383       47.586
       3.294        0.000       83.383       47.586
       3.325        0.000       83.383       47.586
       3.356        0.000       83.383       47.586
       3.387        0.000       83.383       47.586
       3.419        0.000       83.383       47.586
       3.450        0.000       83.383       47.586
       3.481        0.000       83.383       47.586
       3.512        0.000       83.383       47.586
       3.544        0.000       83.383       47.586
       3.575        0.000       83.383       47.586
       3.606        0.000       83.383       47.586
       3.637        0.000       83.383       47.586
       3.669        0.000       83.383       47.586
       3.700        0.000       83.383       47.586
       3.731        0.000       83.383       47.586
       3.759        0.000       83.383       47.586
       3.795        0.000       83.383       47.586
       3.826        0.000       83.383       47.586
       3.854        0.000       83.383       47.586
       3.882        0.000       83.383       47.586
       3.910        0.000       83.383       47.586
       3.938        0.000       83.383       47.586
       3.966        0.000       83.383       47.586
       3.994        0.000       83.383       47.586
       4.022        0.000       83.383       47.586
       4.058        0.000       83.383       47.586
       4.091        0.000       83.383       47.586
       4.123        0.000       83.383       47.586
       4.155        0.000       83.383       47.586
       4.183        0.000       83.383       47.586
       4.211        0.000       83.383       47.586
       4.239        0.000       83.383       47.586
       4.271        0.000       83.383       47.586
       4.294        0.000       83.383       47.586
       4.326        0.000       83.383       47.586
       4.357        0.000       83.383       47.586
       4.388        0.000       83.383       47.586
       4.419        0.000       83.383       47.586
       4.451        0.000       83.383       47.586
       4.482        0.000       83.383       47.586
       4.513        0.000       83.383       47.586
       4.544        0.000       83.383       47.586
       4.576        0.000       83.383       47.586
       4.607        0.000       83.383       47.586
       4.638        0.000       83.383       47.586
       4.669        0.000       83.383       47.586
       4.701        0.000       83.383       47.586
       4.732        0.000       83.383       47.586
       4.760        0.000       83.383       47.586
       4.796        0.000       83.383       47.586
       4.827        0.000       83.383       47.586
       4.858        0.000       83.383       47.586
       4.889        0.000       83.383       47.586
       4.921        0.000       83.383       47.586
       4.952        0.000       83.383       47.586
       4.983        0.000       83.383       47.586
       5.014        0.000       83.383       47.586
       5.046        0.000       83.383       47.586
       5.077        0.000       83.383       47.586
       5.108        0.000       83.383       47.586
       5.139        0.000       83.383       47.586
       5.171        0.000       83.383       47.586
       5.202        0.000       83.383       47.586
       5.233        0.000       83.383       47.586
       5.278        0.000       83.383       47.586
       5.309        0.000       83.383       47.586
       5.340        0.000       83.383       47.586
       5.371        0.000       83.383       47.586
       5.402        0.000       83.383       47.586
       5.434        0.000       83.383       47.586
       5.465        0.000       83.383       47.586
       5.496        0.000       83.383       47.586
       5.527        0.000       83.383       47.586
       5.559        0.000       83.383       47.586
       5.590        0.000       83.383       47.586
       5.621        0.000       83.383       47.586
       5.652        0.000       83.383       47.586
       5.684        0.000       83.383       47.586
       5.715        0.000       83.383       47.586
       5.746        0.000       83.383       47.586
       5.774        0.000       83.383       47.586
       5.794        0.000       83.383       47.586
       5.826        0.000       83.383       47.586
       5.857        0.000       83.383       47.586
       5.888        0.000       83.383       47.586
       5.919        0.000       83.383       47.586
       5.951        0.000       83.383       47.586
       5.982        0.000       83.383       47.586
       6.013        0.000       83.383       47.586
       6.044        0.000       83.383       47.586
       6.075        0.000       83.383       47.586
       6.107        0.000       83.383       47.586
       6.138        0.000       83.383       47.586
       6.169        0.000       83.383       47.586
       6.200        0.000       83.383       47.586
       6.232        0.000       83.383       47.586
       6.264        0.000       83.383       47.586
       6.296        0.000       83.383       47.586
       6.327        0.000       83.383       47.586
       6.358        0.000       83.383       47.586
       6.389        0.000       83.383       47.586
       6.420        0.000       83.383       47.586
       6.452        0.000       83.383       47.586
       6.483        0.000       83.383       47.586
       6.514        0.000       83.383       47.586
       6.545        0.000       83.383       47.586
       6.577        0.000       83.383       47.586
       6.608        0.000       83.383       47.586
       6.639        0.000       83.383       47.586
       6.670        0.000       83.383       47.586
       6.702        0.000       83.383       47.586
       6.733        0.000       83.383       47.586
       6.765        0.000       83.383       47.586
       6.797        0.000       83.383       47.586
       6.828        0.000       83.383       47.586
       6.859        0.000       83.383       47.586
       6.890        0.000       83.383       47.586
       6.922        0.000       83.383       47.586
       6.953        0.000       83.383       47.586
       6.984        0.000       83.383       47.586
       7.015        0.000       83.383       47.586
       7.047        0.000       83.383       47.586
       7.078        0.000       83.383       47.586
       7.106        0.000       83.383       47.586
       7.138        0.000       83.383       47.586
       7.169        0.000       83.383       47.586
       7.200        0.000       83.383       47.586
       7.232        0.000       83.383       47.586
       7.264        0.000       83.383       47.586
       7.295        0.000       83.383       47.586
       7.327        0.000       83.383       47.586
       7.358        0.000       83.383       47.586
       7.389        0.000       83.383       47.586
       7.420        0.000       83.383       47.586
       7.452        0.000       83.383       47.586
       7.483        0.000       83.383       47.586
       7.514        0.000       83.383       47.586
       7.545        0.000       83.383       47.586
       7.577        0.000       83.383       47.586
       7.608        0.000       83.383       47.586
       7.639        0.000       83.383       47.586
       7.670        0.000       83.383       47.586
       7.701        0.000       83.383       47.586
       7.733        0.000       83.383       47.586
       7.777        0.000       83.383       47.586
       7.809        0.000       83.383       47.586
       7.840        0.000       83.383       47.586
       7.871        0.000       83.383       47.586
       7.902        0.000       83.383       47.586
       7.934        0.000       83.383       47.586
       7.965        0.000       83.383       47.586
       7.996        0.000       83.383       47.586
       8.027        0.000       83.383       47.586
       8.059        0.000       83.383       47.586
       8.090        0.000       83.383       47.586
       8.137        0.000       83.383       47.586
       8.168        0.000       83.383       47.586
       8.199        0.000       83.383       47.586
       8.230        0.000       83.383       47.586
       8.258        0.000       83.383       47.586
       8.294        0.000       83.383       47.586
       8.325        0.000       83.383       47.586
       8.357        0.000       83.383       47.586
       8.388        0.000       83.383       47.586
       8.419        0.000       83.383       47.586
       8.450        0.000       83.383       47.586
       8.482        0.000       83.383       47.586
       8.513        0.000       83.383       47.586
       8.544        0.000       83.383       47.586
       8.575        0.000       83.383       47.586
       8.607        0.000       83.383       47.586
       8.638        0.000       83.383       47.586
       8.669        0.000       83.383       47.586
       8.700        0.000       83.383       47.586
       8.732        0.000       83.383       47.586
       8.764        0.000       83.383       47.586
       8.795        0.000       83.383       47.586
       8.827        0.000       83.383       47.586
       8.859        0.000       83.383       47.586
       8.887        0.000       83.383       47.586
       8.918        0.000       83.383       47.586
       8.950        0.000       83.383       47.586
       8.981        0.000       83.383       47.586
       9.012        0.000       83.383       47.586
       9.043        0.000       83.383       47.586
       9.074        0.000       83.383       47.586
       9.106        0.000       83.383       47.586
       9.153        0.000       83.383       47.586
       9.184        0.000       83.383       47.586
       9.215        0.000       83.383       47.586
       9.246        0.000       83.383       47.586
       9.279        0.000       83.383       47.586
       9.310        0.000       83.383       47.586
       9.342        0.000       83.383       47.586
       9.373        0.000       83.383       47.586
       9.404        0.000       83.383       47.586
       9.435        0.000       83.383       47.586
       9.467        0.000       83.383       47.586
       9.498        0.000       83.383       47.586
       9.529        0.000       83.383       47.586
       9.560        0.000       83.383       47.586
       9.592        0.000       83.383       47.586
       9.623        0.000       83.383       47.586
       9.654        0.000       83.383       47.586
       9.685        0.000       83.383       47.586
       9.717        0.000       83.383       47.586
       9.748        0.000       83.383       47.586
       9.780        0.000       83.383       47.586
       9.812        0.000       83.383       47.586
       9.843        0.000       83.383       47.586
       9.874        0.000       83.383       47.586
       9.906        0.000       83.383       47.586
       9.937        0.000       83.383       47.586
       9.968        0.000       83.383       47.586
       9.999        0.000       83.383       47.586
      10.031        0.000       83.383       47.586
      10.062        0.000       83.383       47.586
      10.093        0.000       83.383       47.586
      10.140        0.000       83.383       47.586
      10.202        0.000       83.383       47.586
      10.242        0.000       83.383       47.586
      10.279        0.000       83.383       47.586
      10.310        0.000       83.383       47.586
      10.346        0.000       83.383       47.586
      10.378        0.000       83.383       47.586
      10.409        0.000       83.383       47.586
      10.440        0.000       83.383       47.586
      10.462        0.000       83.383       47.586
      10.494        0.000       83.383       47.586
      10.525        0.000       83.383       47.586
      10.563        0.000       83.383       47.586
      10.594        0.000       83.383       47.586
      10.625        0.000       83.383       47.586
      10.663        0.000       83.383       47.586
      10.694        0.000       83.383       47.586
      10.725        0.000       83.383       47.586
      10.753        0.000       83.383       47.586
      10.781        0.000       83.383       47.586
      10.812        0.000       83.383       47.586
      10.843        0.000       83.383       47.586
      10.881        0.000       83.383       47.586
      10.912        0.000       83.383       47.586
      10.943        0.000       83.383       47.586
      10.981        0.000       83.383       47.586
      11.012        0.000       83.383       47.586
      11.043        0.000       83.383       47.586
      11.065        0.000       83.383       47.586
      11.097        0.000       83.383       47.586
      11.144        0.000       83.383       47.586
      11.181        0.000       83.383       47.586
      11.213        0.000       83.383       47.586
      11.244        0.000       83.383       47.586
      11.272        0.000       83.383       47.586
      11.296        0.000       83.383       47.586
      11.328        0.000       83.383       47.586
      11.368        0.000       83.383       47.586
      11.399        0.000       83.383       47.586
      11.431        0.000       83.383       47.586
      11.469        0.000       83.383       47.586
      11.500        0.000       83.383       47.586
      11.531        0.000       83.383       47.586
      11.569        0.000       83.383       47.586
      11.600        0.000       83.383       47.586
      11.631        0.000       83.383       47.586
      11.669        0.000       83.383       47.586
      11.700        0.000       83.383       47.586
      11.747        0.000       83.383       47.586
      11.780        0.000       83.383       47.586
      11.811        0.000       83.383       47.586
      11.841        0.000       83.383       47.586
      11.873        0.000       83.383       47.586
      11.905        0.000       83.383       47.586
      11.939        0.000       83.383       47.586
      11.971        0.000       83.383       47.586
      12.003        0.000       83.383       47.586
      12.035        0.000       83.383       47.586
      12.063        0.000       83.383       47.586
      12.091        0.000       83.383       47.586
      12.123        0.000       83.383       47.586
      12.155        0.000       83.383       47.586
      12.183        0.000       83.383       47.586
      12.212        0.000       83.383       47.586
      12.240        0.000       83.383       47.586
      12.276        0.000       83.383       47.586
      12.308        0.000       83.383       47.586
      12.339        0.000       83.383       47.586
      12.376        0.000       83.383       47.586
      12.407        0.000       83.383       47.586
      12.439        0.000       83.383       47.586
      12.476        0.000       83.383       47.586
      12.508        0.000       83.383       47.586
      12.539        0.000       83.383       47.586
      12.577        0.000       83.383       47.586
      12.608        0.000       83.383       47.586
      12.639        0.000       83.383       47.586
      12.677        0.000       83.383       47.586
      12.708        0.000       83.383       47.586
      12.739        0.000       83.383       47.586
      12.768        0.000       83.383       47.586
      12.796        0.000       83.383       47.586
      12.827        0.000       83.383       47.586
      12.858        0.000       83.383       47.586
      12.879        0.000       83.383       47.586
      12.911        0.000       83.383       47.586
      12.942        0.000       83.383       47.586
      12.980        0.000       83.383       47.586
      13.011        0.000       83.383       47.586
      13.042        0.000       83.383       47.586
      13.080        0.000       83.383       47.586
      13.111        0.000       83.383       47.586
      13.142        0.000       83.383       47.586
      13.180        0.000       83.383       47.586
      13.211        0.000       83.383       47.586
      13.243        0.000       83.383       47.586
      13.280        0.000       83.383       47.586
      13.312        0.000       83.383       47.586
      13.343        0.000       83.383       47.586
      13.381        0.000       83.383       47.586
      13.412        0.000       83.383       47.586
      13.443        0.000       83.383       47.586
      13.481        0.000       83.383       47.586
      13.512        0.000       83.383       47.586
      13.543        0.000       83.383       47.586
      13.581        0.000       83.383       47.586
      13.612        0.000       83.383       47.586
      13.644        0.000       83.383       47.586
      13.681        0.000       83.383       47.586
      13.713        0.000       83.383       47.586
      13.744        0.000       83.383       47.586
      13.772        0.000       83.383       47.586
      13.796        0.000       83.383       47.586
      13.827        0.000       83.383       47.586
      13.859        0.000       83.383       47.586
      13.884        0.000       83.383       47.586
      13.915        0.000       83.383       47.586
      13.947        0.000       83.383       47.586
      13.985        0.000       83.383       47.586
      14.016        0.000       83.383       47.586
      14.047        0.000       83.383       47.586
      14.085        0.000       83.383       47.586
      14.116        0.000       83.383       47.586
      14.147        0.000       83.383       47.586
      14.179        0.000       83.383       47.586
      14.220        0.000       83.383       47.586
      14.248        0.000       83.383       47.586
      14.280        0.000       83.383       47.586
      14.311        0.000       83.383       47.586
      14.342        0.000       83.383       47.586
      14.371        0.000       83.383       47.586
      14.403        0.000       83.383       47.586
      14.434        0.000       83.383       47.586
      14.472        0.000       83.383       47.586
      14.503        0.000       83.383       47.586
      14.534        0.000       83.383       47.586
      14.572        0.000       83.383       47.586
      14.603        0.000       83.383       47.586
      14.634        0.000       83.383       47.586
      14.672        0.000       83.383       47.586
      14.703        0.000       83.383       47.586
      14.735        0.000       83.383       47.586
      14.779        0.000       83.383       47.586
      14.810        0.000       83.383       47.586
      14.848        0.000       83.383       47.586
      14.875        0.000       83.383       47.586
      14.906        0.000       83.383       47.586
      14.937        0.000       83.383       47.586
      14.975        0.000       83.383       47.586
      15.006        0.000       83.383       47.586
      15.037        0.000       83.383       47.586
      15.075        0.000       83.383       47.586
      15.106        0.000       83.383       47.586
      15.138        0.000       83.383       47.586
      15.175        0.000       83.383       47.586
      15.207        0.000       83.383       47.586
      15.238        0.000       83.383       47.586
      15.270        0.000       83.383       47.586
      15.294        0.000       83.383       47.586
      15.325        0.000       83.383       47.586
      15.356        0.000       83.383       47.586
      15.378        0.000       83.383       47.586
      15.409        0.000       83.383       47.586
      15.440        0.000       83.383       47.586
      15.478        0.000       83.383       47.586
      15.509        0.000       83.383       47.586
      15.541        0.000       83.383       47.586
      15.578        0.000       83.383       47.586
      15.610        0.000       83.383       47.586
      15.641        0.000       83.383       47.586
      15.679        0.000       83.383       47.586
      15.710        0.000       83.383       47.586
      15.741        0.000       83.383       47.586
      15.779        0.000       83.383       47.586
      15.810        0.000       83.383       47.586
      15.841        0.000       83.383       47.586
      15.879        0.000       83.383       47.586
      15.910        0.000       83.383       47.586
      15.941        0.000       83.383       47.586
      15.979        0.000       83.383       47.586
      16.010        0.000       83.383       47.586
      16.042        0.000       83.383       47.586
      16.079        0.000       83.383       47.586
      16.111        0.000       83.383       47.586
      16.142        0.000       83.383       47.586
      16.180        0.000       83.383       47.586
      16.211        0.000       83.383       47.586
      16.242        0.000       83.383       47.586
      16.280        0.000       83.383       47.586
      16.311        0.000       83.383       47.586
      16.342        0.000       83.383       47.586
      16.380        0.000       83.383       47.586
      16.411        0.000       83.383       47.586
      16.442        0.000       83.383       47.586
      16.480        0.000       83.383       47.586
      16.511        0.000       83.383       47.586
      16.543        0.000       83.383       47.586
      16.580        0.000       83.383       47.586
      16.612        0.000       83.383       47.586
      16.643        0.000       83.383       47.586
      16.681        0.000       83.383       47.586
      16.712        0.000       83.383       47.586
      16.743        0.000       83.383       47.586
      16.776        0.000       83.383       47.586
      16.796        0.000       83.383       47.586
      16.824        0.000       83.383       47.586
      16.856        0.000       83.383       47.586
      16.884        0.000       83.383       47.586
      16.912        0.000       83.383       47.586
      16.944        0.000       83.383       47.586
      16.980        0.000       83.383       47.586
      17.008        0.000       83.383       47.586
      17.036        0.000       83.383       47.586
      17.072        0.000       83.383       47.586
      17.100        0.000       83.383       47.586
      17.128        0.000       83.383       47.586
      17.160        0.000       83.383       47.586
      17.188        0.000       83.383       47.586
      17.216        0.000       83.383       47.586
      17.245        0.000       83.383       47.586
      17.284        0.000       83.383       47.586
      17.315        0.000       83.383       47.586
      17.346        0.000       83.383       47.586
      17.384        0.000       83.383       47.586
      17.415        0.000       83.383       47.586
      17.447        0.000       83.383       47.586
      17.485        0.000       83.383       47.586
      17.516        0.000       83.383       47.586
      17.547        0.000       83.383       47.586
      17.585        0.000       83.383       47.586
      17.616        0.000       83.383       47.586
      17.647        0.000       83.383       47.586
      17.685        0.000       83.383       47.586
      17.716        0.000       83.383       47.586
      17.748        0.000       83.383       47.586
      17.785        0.000       83.383       47.586
      17.816        0.000       83.383       47.586
      17.848        0.000       83.383       47.586
      17.885        0.000       83.383       47.586
      17.917        0.000       83.383       47.586
      17.948        0.000       83.383       47.586
      17.986        0.000       83.383       47.586
      18.017        0.000       83.383       47.586
      18.048        0.000       83.383       47.586
      18.086        0.000       83.383       47.586
      18.117        0.000       83.383       47.586
      18.148        0.000       83.383       47.586
      18.186        0.000       83.383       47.586
      18.217        0.000       83.383       47.586
      18.246        0.000       83.383       47.586
      18.286        0.000       83.383       47.586
      18.318        0.000       83.383       47.586
      18.349        0.000       83.383       47.586
      18.387        0.000       83.383       47.586
      18.418        0.000       83.383       47.586
      18.449        0.000       83.383       47.586
      18.487        0.000       83.383       47.586
      18.518        0.000       83.383       47.586
      18.549        0.000       83.383       47.586
      18.587        0.000       83.383       47.586
      18.618        0.000       83.383       47.586
      18.650        0.000       83.383       47.586
      18.687        0.000       83.383       47.586
      18.719        0.000       83.383       47.586
      18.747        0.000       83.383       47.586
      18.788        0.000       83.383       47.586
      18.819        0.000       83.383       47.586
      18.850        0.000       83.383       47.586
      18.888        0.000       83.383       47.586
      18.919        0.000       83.383       47.586
      18.953        0.000       83.383       47.586
      18.988        0.000       83.383       47.586
      19.019        0.000       83.383       47.586
      19.050        0.000       83.383       47.586
      19.088        0.000       83.383       47.586
      19.135        0.000       83.383       47.586
      19.166        0.000       83.383       47.586
      19.188        0.000       83.383       47.586
      19.220        0.000       83.383       47.586
      19.251        0.000       83.383       47.586
      19.296        0.000       83.383       47.586
      19.327        0.000       83.383       47.586
      19.358        0.000       83.383       47.586
      19.391        0.000       83.383       47.586
      19.423        0.000       83.383       47.586
      19.454        0.000       83.383       47.586
      19.492        0.000       83.383       47.586
      19.523        0.000       83.383       47.586
      19.554        0.000       83.383       47.586
      19.592        0.000       83.383       47.586
      19.623        0.000       83.383       47.586
      19.654        0.000       83.383       47.586
      19.692        0.000       83.383       47.586
      19.723        0.000       83.383       47.586
      19.755        0.000       83.383       47.586
      19.795        0.000       83.383       47.586
      19.826        0.000       83.383       47.586
      19.864        0.000       83.383       47.586
      19.894        0.000       83.383       47.586
      19.926        0.000       83.383       47.586
      19.957        0.000       83.383       47.586
      19.995        0.000       83.383       47.586
      20.026        0.000       83.383       47.586
      20.057        0.000       83.383       47.586
      20.095        0.000       83.383       47.586
      20.142        0.000       83.383       47.586
      20.173        0.000       83.383       47.586
      20.195        0.000       83.383       47.586
      20.226        0.000       83.383       47.586
      20.254        0.000       83.383       47.586
      20.295        0.000       83.383       47.586
      20.327        0.000       83.383       47.586
      20.358        0.000       83.383       47.586
      20.389        0.000       83.383       47.586
      20.420        0.000       83.383       47.586
      20.452        0.000       83.383       47.586
      20.483        0.000       83.383       47.586
      20.523        0.000       83.383       47.586
      20.554        0.000       83.383       47.586
      20.585        0.000       83.383       47.586
      20.617        0.000       83.383       47.586
      20.648        0.000       83.383       47.586
      20.679        0.000       83.383       47.586
      20.710        0.000       83.383       47.586
      20.742        0.000       83.383       47.586
      20.778        0.000       83.383       47.586
      20.810        0.000       83.383       47.586
      20.838        0.000       83.383       47.586
      20.866        0.000       83.383       47.586
      20.894        0.000       83.383       47.586
      20.922        0.000       83.383       47.586
      20.958        0.000       83.383       47.586
      20.989        0.000       83.383       47.586
      21.020        0.000       83.383       47.586
      21.051        0.000       83.383       47.586
      21.083        0.000       83.383       47.586
      21.114        0.000       83.383       47.586
      21.161        0.000       83.383       47.586
      21.192        0.000       83.383       47.586
      21.223        0.000       83.383       47.586
      21.255        0.000       83.383       47.586
      21.295        0.000       83.383       47.586
      21.326        0.000       83.383       47.586
      21.357        0.000       83.383       47.586
      21.388        0.000       83.383       47.586
      21.420        0.000       83.383       47.586
      21.451        0.000       83.383       47.586
      21.482        0.000       83.383       47.586
      21.513        0.000       83.383       47.586
      21.545        0.000       83.383       47.586
      21.576        0.000       83.383       47.586
      21.607        0.000       83.383       47.586
      21.638        0.000       83.383       47.586
      21.670        0.000       83.383       47.586
      21.701        0.000       83.383       47.586
      21.732        0.000       83.383       47.586
      21.760        0.000       83.383       47.586
      21.796        0.000       83.383       47.586
      21.827        0.000       83.383       47.586
      21.858        0.000       83.383       47.586
      21.890        0.000       83.383       47.586
      21.921        0.000       83.383       47.586
      21.952        0.000       83.383       47.586
      21.983        0.000       83.383       47.586
      22.015        0.000       83.383       47.586
      22.046        0.000       83.383       47.586
      22.077        0.000       83.383       47.586
      22.108        0.000       83.383       47.586
      22.140        0.000       83.383       47.586
      22.171        0.000       83.383       47.586
      22.202        0.000       83.383       47.586
      22.233        0.000       83.383       47.586
      22.265        0.000       83.383       47.586
      22.293        0.000       83.383       47.586
      22.324        0.000       83.383       47.586
      22.356        0.000       83.383       47.586
      22.387        0.000       83.383       47.586
      22.418        0.000       83.383       47.586
      22.449        0.000       83.383       47.586
      22.481        0.000       83.383       47.586
      22.512        0.000       83.383       47.586
      22.543        0.000       83.383       47.586
      22.574        0.000       83.383       47.586
      22.606        0.000       83.383       47.586
      22.637        0.000       83.383       47.586
      22.668        0.000       83.383       47.586
      22.699        0.000       83.383       47.586
      22.731        0.000       83.383       47.586
      22.759        0.000       83.383       47.586
      22.795        0.000       83.383       47.586
      22.826        0.000       83.383       47.586
      22.857        0.000       83.383       47.586
      22.889        0.000       83.383       47.586
      22.920        0.000       83.383       47.586
      22.951        0.000       83.383       47.586
      22.982        0.000       83.383       47.586
      23.014        0.000       83.383       47.586
      23.045        0.000       83.383       47.586
      23.076        0.000       83.383       47.586
      23.107        0.000       83.383       47.586
      23.139        0.000       83.383       47.586
      23.170        0.000       83.383       47.586
      23.201        0.000       83.383       47.586
      23.232        0.000       83.383       47.586
      23.277        0.000       83.383       47.586
      23.308        0.000       83.383       47.586
      23.339        0.000       83.383       47.586
      23.371        0.000       83.383       47.586
      23.402        0.000       83.383       47.586
      23.433        0.000       83.383       47.586
      23.464        0.000       83.383       47.586
      23.496        0.000       83.383       47.586
      23.527        0.000       83.383       47.586
      23.558        0.000       83.383       47.586
      23.589        0.000       83.383       47.586
      23.621        0.000       83.383       47.586
      23.652        0.000       83.383       47.586
      23.683        0.000       83.383       47.586
      23.714        0.000       83.383       47.586
      23.746        0.000       83.383       47.586
      23.794        0.000       83.383       47.586
      23.825        0.000       83.383       47.586
      23.856        0.000       83.383       47.586
      23.887        0.000       83.383       47.586
      23.919        0.000       83.383       47.586
      23.950        0.000       83.383       47.586
      23.981        0.000       83.383       47.586
      24.012        0.000       83.383       47.586
      24.044        0.000       83.383       47.586
      24.075        0.000       83.383       47.586
      24.106        0.000       83.383       47.586
      24.137        0.000       83.383       47.586
      24.169        0.000       83.383       47.586
      24.200        0.000       83.383       47.586
      24.231        0.000       83.383       47.586
      24.259        0.000       83.383       47.586
      24.295        0.000       83.383       47.586
      24.326        0.000       83.383       47.586
      24.357        0.000       83.383       47.586
      24.389        0.000       83.383       47.586
      24.420        0.000       83.383       47.586
      24.451        0.000       83.383       47.586
      24.482        0.000       83.383       47.586
      24.514        0.000       83.383       47.586
      24.545        0.000       83.383       47.586
      24.576        0.000       83.383       47.586
      24.607        0.000       83.383       47.586
      24.639        0.000       83.383       47.586
      24.670        0.000       83.383       47.586
      24.701        0.000       83.383       47.586
      24.732        0.000       83.383       47.586
      24.760        0.000       83.383       47.586
      24.796        0.000       83.383       47.586
      24.827        0.000       83.383       47.586
      24.859        0.000       83.383       47.586
      24.890        0.000       83.383       47.586
      24.921        0.000       83.383       47.586
      24.952        0.000       83.383       47.586
      24.984        0.000       83.383       47.586
      25.015        0.000       83.383       47.586
      25.046        0.000       83.383       47.586
      25.077        0.000       83.383       47.586
      25.108        0.000       83.383       47.586
      25.140        0.000       83.383       47.586
      25.171        0.000       83.383       47.586
      25.202        0.000       83.383       47.586
      25.234        0.000       83.383       47.586
      25.265        0.000       83.383       47.586
      25.293        0.000       83.383       47.586
      25.324        0.000       83.383       47.586
      25.356        0.000       83.383       47.586
      25.387        0.000       83.383       47.586
      25.418        0.000       83.383       47.586
      25.450        0.000       83.383       47.586
      25.481        0.000       83.383       47.586
      25.512        0.000       83.383       47.586
      25.543        0.000       83.383       47.586
      25.574        0.000       83.383       47.586
      25.606        0.000       83.383       47.586
      25.637        0.000       83.383       47.586
      25.668        0.000       83.383       47.586
      25.699        0.000       83.383       47.586
      25.731        0.000       83.383       47.586
      25.763        0.000       83.383       47.586
      25.795        0.000       83.383       47.586
      25.826        0.000       83.383       47.586
      25.848        0.000       83.383       47.586
      25.879        0.000       83.383       47.586
      25.910        0.000       83.383       47.586
      25.941        0.000       83.383       47.586
      25.973        0.000       83.645       47.621
      26.004        0.000       90.348       51.668
      26.035        0.000       93.375       53.594
      26.066        0.000       99.242       57.148
      26.098        0.000      107.426       62.887
      26.160        0.000      118.609       72.824
      26.207        0.000      121.355       75.465
      26.238        0.000      126.344       80.418
      26.278        0.000      138.945       96.582
      26.325        0.000      142.359       98.809
      26.372        0.000      148.754      105.250
      26.419        0.000      153.785      110.219
      26.450        0.000      158.629      115.109
      26.481        0.000      170.027      126.617
      26.544        0.000      179.809      135.949
      26.591        0.000      187.430      145.027
      26.638        0.000      188.305      145.730
      26.669        0.000      189.230      146.441
      26.700        0.000      190.785      147.480
      26.731        0.000      192.434      148.465
      26.763        0.000      193.727      149.469
      26.795        0.000      197.062      151.234
      26.826        0.000      200.488      153.262
      26.858        0.000      201.402      153.820
      26.889        0.000      205.062      155.785
      26.920        0.000      209.375      159.297
      26.951        0.000      211.344      160.637
      26.983        0.000      216.645      196.684
      27.014        0.000      222.105      295.750
      27.041        0.000      224.844      312.227
      27.073        0.000      226.219      312.273
      27.104        0.000      226.730      312.273
      27.151        0.000      226.918      312.273
      27.190        0.000      227.316      312.273
      27.222        0.000      227.637      312.273
      27.253        0.000      227.984      312.273
      27.293        0.000      228.250      312.273
      27.324        0.000      230.145      313.160
      27.355        0.000      234.035      314.891
      27.402        0.000      235.422      315.387
      27.434        0.000      235.422      315.387
      27.465        0.000      235.422      315.387
      27.496        0.000      237.609      316.168
      27.527        0.000      238.520      316.602
      27.558        0.000      241.672      318.586
      27.605        0.000      241.672      318.586
      27.637        0.000      245.906      319.832
      27.715        0.000      248.340      320.938
      27.755        0.000      248.340      320.938
      27.795        0.000      248.629      320.973
      27.826        0.000      248.629      320.973
      27.857        0.000      249.172      320.973
      27.889        0.000      249.172      320.973
      27.920        0.000      249.172      320.973
      27.951        0.000      251.492      321.070
      27.982        0.000      251.492      321.070
      28.014        0.000      251.492      321.070
      28.045        0.000      257.277      324.488
      28.107        0.000      257.980      325.414
      28.139        0.000      257.906      325.297
      28.170        0.000      259.879      327.441
      28.217        0.000      257.930      325.637
      28.248        0.000      258.043      325.730
      28.293        0.000      258.422      325.730
      28.324        0.000      258.422      325.730
      28.355        0.000      263.457      328.043
      28.418        0.000      266.129      342.891
      28.464        0.000      266.723      343.465
      28.496        0.000      265.297      342.660
      28.527        0.000      266.074      343.527
      28.574        0.000      268.973      344.547
      28.605        0.000      268.973      344.547
      28.636        0.000      268.973      344.547
      28.668        0.000      271.199      347.508
      28.714        0.000      272.676      348.957
      28.746        0.000      273.598      349.855
      28.780        0.000      273.738      350.266
      28.812        0.000      272.789      348.988
      28.843        0.000      272.789      348.988
      28.874        0.000      272.789      348.988
      28.905        0.000      272.789      348.988
      28.937        0.000      272.789      348.988
      28.968        0.000      273.117      349.273
      28.999        0.000      275.410      351.840
      29.030        0.000      275.695      352.074
      29.062        0.000      275.730      352.074
      29.093        0.000      275.730      352.074
      29.124        0.000      275.730      352.074
      29.155        0.000      275.730      352.074
      29.187        0.000      275.730      352.074
      29.218        0.000      277.156      354.988
      29.249        0.000      279.633      358.770
      29.290        0.000      281.781      361.969
      29.322        0.000      282.598      364.184
      29.353        0.000      283.531      365.820
      29.385        0.000      288.223      368.496
      29.447        0.000      302.945      383.570
      29.494        0.000      314.312      393.391
      29.525        0.000      322.273      402.391
      29.557        0.000      334.754      416.051
      29.588        0.000      346.266      429.449
      29.619        0.000      352.863      434.844
      29.650        0.000      354.801      435.383
      29.713        0.000      358.551      437.422
      29.762        0.000      357.117      435.586
      29.794        0.000      361.180      436.418
      29.825        0.000      362.121      436.980
      29.856        0.000      368.312      465.844
      29.903        0.000      369.918      465.633
      29.966        0.000      370.156      465.875
      30.013        0.000      372.070      467.730
      30.059        0.000      373.324      469.078
      30.106        0.000      373.898      469.641
      30.138        0.000      374.738      470.207
      30.184        0.000      379.473      472.527
      30.216        0.000      379.738      472.902
      30.247        0.000      380.168      473.152
      30.295        0.000      380.910      473.805
      30.326        0.000      381.320      474.055
      30.358        0.000      381.750      474.434
      30.404        0.000      384.062      476.848
      30.483        0.000      384.902      477.664
      30.529        0.000      383.609      476.387
      30.561        0.000      383.609      476.387
      30.592        0.000      383.609      476.387
      30.623        0.000      383.641      476.387
      30.670        0.000      383.961      476.887
      30.701        0.000      384.566      477.203
      30.733        0.000      384.996      477.703
      30.774        0.000      385.500      478.145
      30.809        0.000      386.164      478.586
      30.856        0.000      389.504      479.582
      30.934        0.000      390.125      480.188
      30.965        0.000      390.172      480.188
      30.996        0.000      390.172      480.188
      31.028        0.000      390.172      480.188
      31.059        0.000      390.188      480.188
      31.090        0.000      392.125      480.590
      31.137        0.000      394.867      482.371
      31.184        0.000      396.809      483.523
      31.215        0.000      398.367      484.344
      31.246        0.000      399.543      484.871
      31.279        0.000      402.328      485.555
      31.310        0.000      403.695      486.246
      31.341        0.000      408.773      489.746
      31.419        0.000      411.234      491.941
      31.451        0.000      411.621      492.297
      31.482        0.000      411.621      492.297
      31.513        0.000      411.621      492.297
      31.544        0.000      412.094      490.832
      31.576        0.000      413.902      491.020
      31.607        0.000      416.812      491.770
      31.638        0.000      426.344      543.332
      31.685        0.000      431.410      543.332
      31.732        0.000      431.922      543.836
      31.781        0.000      434.164      544.344
      31.812        0.000      437.285      546.156
      31.844        0.000      441.973      546.895
      31.915        0.000      444.297      547.953
      31.971        0.000      446.027      548.660
      32.031        0.000      447.602      550.609
      32.071        0.000      448.809      551.340
      32.119        0.000      449.051      551.336
      32.167        0.000      450.695      551.961
      32.211        0.000      459.141      581.758
      32.255        0.000      460.809      582.121
      32.299        0.000      461.582      582.926
      32.339        0.000      461.582      582.926
      32.391        0.000      452.844      576.246
      32.439        0.000      452.965      576.438
      32.483        0.000      452.984      576.438
      32.523        0.000      453.086      576.438
      32.563        0.000      454.363      577.785
      32.603        0.000      455.367      578.859
      32.643        0.000      456.902      580.445
      32.687        0.000      457.723      581.250
      32.727        0.000      458.488      582.090
      32.759        0.000      459.395      583.004
      32.790        0.000      460.770      584.445
      32.821        0.000      462.426      586.168
      32.853        0.000      463.590      587.383
      32.884        0.000      464.957      588.789
      32.908        0.000      468.234      591.883
      32.939        0.000      477.906      601.543
      32.970        0.000      484.211      607.898
      33.001        0.000      484.598      608.312
      33.033        0.000      484.848      608.570
      33.064        0.000      486.469      609.102
      33.095        0.000      487.398      609.191
      33.126        0.000      488.020      609.770
      33.158        0.000      489.555      611.184
      33.189        0.000      493.383      613.523
      33.220        0.000      498.301      618.176
      33.267        0.000      503.270      621.816
      33.314        0.000      507.668      626.055
      33.345        0.000      508.527      626.211
      33.392        0.000      505.980      622.457
      33.423        0.000      506.699      622.664
      33.454        0.000      507.629      623.457
      33.486        0.000      516.312      624.105
      33.517        0.000      516.934      623.496
      33.548        0.000      517.438      623.496
      33.579        0.000      518.273      624.500
      33.611        0.000      518.965      624.527
      33.642        0.000      519.668      624.961
      33.673        0.000      520.895      625.770
      33.720        0.000      522.336      626.082
      33.751        0.000      522.484      626.082
      33.782        0.000      523.227      626.711
      33.814        0.000      523.332      626.711
      33.845        0.000      524.328      626.734
      33.876        0.000      525.348      627.441
      33.913        0.000      526.738      633.746
      33.948        0.000      530.652      632.805
      33.979        0.000      541.633      646.344
      34.011        0.000      543.184      646.344
      34.042        0.000      541.016      645.406
      34.073        0.000      545.941      649.305
      34.104        0.000      546.727      685.039
      34.151        0.000      553.176      710.648
      34.182        0.000      560.383      710.629
      34.214        0.000      567.387      710.633
      34.245        0.000      574.508      710.633
      34.276        0.000      585.129      724.617
      34.307        0.000      585.691      724.617
      34.339        0.000      580.418      716.984
      34.370        0.000      545.477      681.816
      34.401        0.000      540.906      676.805
      34.432        0.000      540.918      676.805
      34.464        0.000      540.918      676.805
      34.495        0.000      540.914      676.805
      34.526        0.000      540.914      676.805
      34.557        0.000      540.914      676.805
      34.589        0.000      540.910      676.805
      34.620        0.000      540.914      676.805
      34.651        0.000      540.914      676.805
      34.682        0.000      540.914      676.805
      34.713        0.000      540.914      676.805
      34.745        0.000      540.910      676.805
      34.776        0.000      540.906      676.805
      34.807        0.000      540.902      676.805
      34.842        0.000      540.902      676.805
      34.874        0.000      540.898      676.805
      34.910        0.000      540.898      676.805
      34.942        0.000      541.051      676.660
      34.978        0.000      542.137      677.648
      35.014        0.000      542.727      678.418
      35.054        0.000      542.832      678.418
      35.082        0.000      542.832      678.418
      35.114        0.000      542.832      678.418
      35.150        0.000      542.832      678.418
      35.186        0.000      542.828      678.418
      35.222        0.000      543.043      678.480
      35.261        0.000      543.539      679.012
      35.308        0.000      543.895      679.012
      35.354        0.000      543.895      679.012
      35.386        0.000      543.895      679.012
      35.417        0.000      543.906      679.012
      35.448        0.000      545.570      679.727
      35.495        0.000      545.852      679.727
      35.526        0.000      545.852      679.727
      35.558        0.000      545.852      679.727
      35.589        0.000      545.852      679.727
      35.620        0.000      545.945      679.727
      35.651        0.000      545.945      679.727
      35.683        0.000      545.945      679.727
      35.714        0.000      545.945      679.727
      35.745        0.000      547.059      679.727
      35.776        0.000      536.637      638.555
      35.808        0.000      537.199      639.949
      35.877        0.000      537.062      639.969
      35.924        0.000      537.062      639.969
      35.956        0.000      537.066      639.969
      35.987        0.000      537.066      639.969
      36.018        0.000      537.066      639.969
      36.050        0.000      537.066      639.969
      36.074        0.000      537.066      639.969
      36.105        0.000      537.066      639.969
      36.137        0.000      537.066      639.969
      36.168        0.000      537.070      639.980
      36.199        0.000      537.070      639.980
      36.230        0.000      537.066      639.980
      36.261        0.000      537.066      639.980
      36.293        0.000      537.066      639.980
      36.324        0.000      537.066      639.980
      36.356        0.000      537.066      639.980
      36.391        0.000      537.066      639.980
      36.423        0.000      537.066      639.980
      36.454        0.000      537.066      639.980
      36.485        0.000      537.066      639.980
      36.509        0.000      537.066      639.980
      36.540        0.000      537.066      639.980
      36.572        0.000      536.934      639.762
      36.603        0.000      536.934      639.762
      36.634        0.000      536.934      639.762
      36.665        0.000      536.891      639.688
      36.697        0.000      536.891      639.688
      36.728        0.000      536.891      639.688
      36.759        0.000      536.891      639.688
      36.790        0.000      536.891      639.688
      36.822        0.000      536.891      639.688
      36.858        0.000      536.934      639.652
      36.898        0.000      536.934      639.652
      36.929        0.000      536.934      639.652
      36.961        0.000      536.871      639.535
      36.992        0.000      536.871      639.535
      37.023        0.000      536.871      639.535
      37.054        0.000      536.871      639.535
      37.086        0.000      536.871      639.535
      37.117        0.000      536.871      639.535
      37.148        0.000      536.871      639.535
      37.179        0.000      536.871      639.535
      37.211        0.000      536.871      639.535
      37.242        0.000      536.871      639.535
      37.273        0.000      536.871      639.535
      37.304        0.000      536.871      639.535
      37.336        0.000      536.871      639.535
      37.376        0.000      536.871      639.535
      37.407        0.000      536.871      639.535
      37.438        0.000      536.973      639.516
      37.470        0.000      527.539      630.523
      37.501        0.000      527.539      630.523
      37.532        0.000      527.539      630.523
      37.563        0.000      527.539      630.523
      37.595        0.000      517.242      619.664
      37.626        0.000      517.250      620.145
      37.657        0.000      510.426      611.438
      37.688        0.000      510.426      611.438
      37.735        0.000      483.543      575.859
      37.782        0.000      350.789      489.695
      37.834        0.000       42.914      168.953
