# Elapsed time   CPU (%)     Real (MB)   Virtual (MB)
       0.001        0.000       31.445       12.965
       0.033        0.000       35.926       15.762
       0.063        0.000       35.926       15.762
       0.094        0.000       38.977       16.359
       0.140        0.000       39.250       16.359
       0.186        0.000       38.930       16.359
       0.217        0.000       39.223       16.359
       0.263        0.000       38.934       16.359
       0.294        0.000       39.270       16.359
       0.340        0.000       39.199       16.359
       0.386        0.000       38.969       16.344
       0.434        0.000       42.113       24.859
       0.479        0.000       58.273       29.379
       0.525        0.000       60.328       29.867
       0.556        0.000       60.328       29.867
       0.602        0.000       60.680       29.879
       0.632        0.000       62.977       30.926
       0.671        0.000       63.258       30.797
       0.702        0.000       63.680       31.441
       0.748        0.000       64.145       32.109
       0.794        0.000       64.332       31.672
       0.840        0.000       64.820       32.660
       0.871        0.000       64.691       32.008
       0.902        0.000       64.922       32.418
       0.932        0.000       65.027       32.445
       0.967        0.000       65.062       32.402
       1.006        0.000       65.270       32.953
       1.037        0.000       65.090       32.332
       1.067        0.000       65.332       32.594
       1.098        0.000       65.867       33.219
       1.129        0.000       67.020       32.734
       1.175        0.000       67.770       34.012
       1.206        0.000       68.695       33.480
       1.236        0.000       70.152       33.812
       1.270        0.000       71.320       34.215
       1.313        0.000       72.523       35.027
       1.359        0.000       76.953       37.977
       1.405        0.000       77.156       38.043
       1.436        0.000       77.156       38.043
       1.498        0.000       77.156       38.043
       1.544        0.000       77.156       38.043
       1.590        0.000       77.156       38.043
       1.622        0.000       77.156       38.043
       1.667        0.000       77.195       38.082
       1.713        0.000       77.195       38.082
       1.759        0.000       77.281       38.168
       1.805        0.000       78.168       38.867
       1.836        0.000       78.625       38.898
       1.882        0.000       78.625       38.898
       1.928        0.000       80.504       39.891
       1.975        0.000       81.410       40.105
       2.005        0.000       82.234       40.434
       2.036        0.000       82.559       40.516
       2.067        0.000       83.742       41.930
       2.098        0.000       88.488       43.660
       2.132        0.000       96.992       51.113
       2.183        0.000      104.383       58.250
       2.221        0.000      108.012       61.844
       2.277        0.000      117.449       75.219
       2.314        0.000      126.902       84.039
       2.366        0.000      134.730       90.859
       2.406        0.000      141.406       97.531
       2.467        0.000      147.098      103.219
       2.513        0.000      154.078      110.234
       2.559        0.000      161.277      116.926
       2.590        0.000      167.492      123.199
       2.636        0.000      167.898      123.629
       2.682        0.000      167.898      123.629
       2.728        0.000      167.902      123.629
       2.759        0.000      167.902      123.629
       2.805        0.000      167.902      123.629
       2.836        0.000      167.902      123.629
       2.882        0.000      167.902      123.629
       2.928        0.000      168.156      123.891
       2.974        0.000      168.160      123.895
       3.005        0.000      168.160      123.895
       3.036        0.000      168.484      124.168
       3.067        0.000      168.484      124.168
       3.097        0.000      168.484      124.168
       3.128        0.000      168.484      124.168
       3.159        0.000      168.484      124.168
       3.189        0.000      168.680      124.379
       3.220        0.000      168.680      124.379
       3.251        0.000      168.688      124.379
       3.297        0.000      168.680      124.379
       3.343        0.000      168.680      124.379
       3.389        0.000      168.695      124.398
       3.435        0.000      168.727      124.434
       3.481        0.000      168.734      124.434
       3.530        0.000      168.801      124.516
       3.589        0.000      168.832      124.527
       3.635        0.000      168.863      124.562
       3.713        0.000      169.004      124.734
       3.807        0.000      169.012      124.734
       3.881        0.000      169.074      124.809
       3.944        0.000      169.215      124.965
       3.989        0.000      169.215      124.965
       4.035        0.000      170.285      126.078
       4.081        0.000      171.789      127.711
       4.127        0.000      173.410      129.328
       4.173        0.000      173.410      129.328
       4.219        0.000      173.410      129.328
       4.266        0.000      173.410      129.328
       4.312        0.000      173.410      129.328
       4.358        0.000      173.602      129.539
       4.404        0.000      173.602      129.539
       4.450        0.000      173.602      129.539
       4.496        0.000      173.602      129.539
       4.542        0.000      173.602      129.539
       4.589        0.000      173.602      129.539
       4.635        0.000      173.824      129.754
       4.681        0.000      173.824      129.754
       4.727        0.000      173.824      129.754
       4.773        0.000      173.824      129.754
       4.804        0.000      173.898      129.828
       4.850        0.000      174.359      130.305
       4.896        0.000      174.363      130.305
       4.942        0.000      174.746      130.715
       4.988        0.000      175.105      131.062
       5.034        0.000      175.105      131.062
       5.081        0.000      175.105      131.062
       5.127        0.000      175.105      131.062
       5.158        0.000      175.105      131.062
       5.197        0.000      175.105      131.062
       5.227        0.000      175.105      131.062
       5.258        0.000      175.105      131.062
       5.289        0.000      175.105      131.062
       5.320        0.000      175.105      131.062
       5.366        0.000      175.105      131.062
       5.412        0.000      175.105      131.062
       5.443        0.000      175.105      131.062
       5.489        0.000      175.105      131.062
       5.535        0.000      175.105      131.062
       5.566        0.000      175.105      131.062
       5.596        0.000      175.105      131.062
       5.627        0.000      175.105      131.062
       5.658        0.000      175.105      131.062
       5.704        0.000      175.105      131.062
       5.735        0.000      175.105      131.062
       5.766        0.000      175.105      131.062
       5.812        0.000      175.105      131.062
       5.858        0.000      175.105      131.062
       5.904        0.000      175.105      131.062
       5.950        0.000      175.105      131.062
       5.996        0.000      175.105      131.062
       6.042        0.000      175.105      131.062
       6.073        0.000      175.105      131.062
       6.119        0.000      175.105      131.062
       6.165        0.000      175.105      131.062
       6.211        0.000      175.105      131.062
       6.242        0.000      175.105      131.062
       6.273        0.000      175.105      131.062
       6.304        0.000      175.105      131.062
       6.350        0.000      175.105      131.062
       6.396        0.000      175.105      131.062
       6.427        0.000      175.105      131.062
       6.457        0.000      175.105      131.062
       6.505        0.000      175.105      131.062
       6.550        0.000      175.105      131.062
       6.596        0.000      175.105      131.062
       6.627        0.000      175.105      131.062
       6.673        0.000      175.105      131.062
       6.703        0.000      175.105      131.062
       6.734        0.000      175.105      131.062
       6.765        0.000      175.105      131.062
       6.811        0.000      175.105      131.062
       6.842        0.000      175.234      131.199
       6.888        0.000      175.234      131.199
       6.934        0.000      175.277      131.266
       6.965        0.000      175.277      131.266
       6.995        0.000      175.277      131.266
       7.026        0.000      175.277      131.266
       7.057        0.000      175.277      131.266
       7.087        0.000      175.840      131.844
       7.118        0.000      175.840      131.844
       7.144        0.000      175.840      131.844
       7.180        0.000      175.840      131.844
       7.210        0.000      175.840      131.844
       7.241        0.000      175.840      131.844
       7.272        0.000      175.840      131.844
       7.302        0.000      175.840      131.844
       7.333        0.000      175.840      131.844
       7.363        0.000      175.840      131.844
       7.394        0.000      175.840      131.844
       7.424        0.000      175.840      131.844
       7.455        0.000      175.906      131.918
       7.486        0.000      175.906      131.918
       7.517        0.000      175.906      131.918
       7.548        0.000      175.973      131.992
       7.579        0.000      176.234      132.258
       7.610        0.000      176.234      132.258
       7.640        0.000      176.234      132.258
       7.667        0.000      176.234      132.258
       7.702        0.000      176.234      132.258
       7.732        0.000      176.234      132.258
       7.763        0.000      176.234      132.258
       7.794        0.000      176.234      132.258
       7.825        0.000      176.234      132.258
       7.856        0.000      176.367      132.395
       7.886        0.000      176.367      132.395
       7.917        0.000      176.371      132.395
       7.948        0.000      176.504      132.531
       7.979        0.000      176.504      132.531
       8.009        0.000      176.574      132.605
       8.036        0.000      176.574      132.605
       8.071        0.000      176.574      132.605
       8.102        0.000      176.574      132.605
       8.133        0.000      176.582      132.605
       8.164        0.000      176.574      132.605
       8.194        0.000      176.781      132.816
       8.240        0.000      176.781      132.816
       8.286        0.000      176.848      132.891
       8.317        0.000      176.848      132.891
       8.348        0.000      176.914      132.965
       8.394        0.000      176.945      133.000
       8.425        0.000      177.133      133.172
       8.456        0.000      177.133      133.172
       8.486        0.000      177.133      133.172
       8.517        0.000      177.133      133.172
       8.548        0.000      177.141      133.172
       8.579        0.000      177.141      133.172
       8.610        0.000      177.141      133.172
       8.640        0.000      177.141      133.172
       8.671        0.000      177.273      133.309
       8.702        0.000      177.273      133.309
       8.733        0.000      177.277      133.309
       8.763        0.000      177.289      133.332
       8.794        0.000      177.289      133.332
       8.825        0.000      177.359      133.406
       8.855        0.000      177.359      133.406
       8.886        0.000      177.359      133.406
       8.917        0.000      177.359      133.406
       8.948        0.000      177.359      133.406
       8.979        0.000      177.359      133.406
       9.009        0.000      177.359      133.406
       9.040        0.000      177.625      133.672
       9.071        0.000      177.691      133.738
       9.102        0.000      177.762      133.805
       9.148        0.000      177.762      133.805
       9.178        0.000      177.832      133.879
       9.225        0.000      177.965      134.016
       9.255        0.000      178.098      134.152
       9.286        0.000      178.098      134.152
       9.332        0.000      178.168      134.227
       9.378        0.000      178.168      134.227
       9.409        0.000      178.168      134.227
       9.440        0.000      178.172      134.227
       9.470        0.000      178.168      134.227
       9.501        0.000      178.238      134.301
       9.532        0.000      178.238      134.301
       9.563        0.000      178.238      134.301
       9.609        0.000      178.371      134.438
       9.640        0.000      178.371      134.438
       9.671        0.000      178.371      134.438
       9.701        0.000      178.371      134.438
       9.732        0.000      178.371      134.438
       9.778        0.000      178.371      134.438
       9.809        0.000      178.371      134.438
       9.840        0.000      178.371      134.438
       9.868        0.000      178.594      134.668
       9.906        0.000      178.594      134.668
       9.935        0.000      178.594      134.668
       9.967        0.000      178.594      134.668
       9.998        0.000      178.594      134.668
      10.044        0.000      178.594      134.668
      10.075        0.000      178.594      134.668
      10.106        0.000      178.594      134.668
      10.136        0.000      178.594      134.668
      10.167        0.000      178.594      134.668
      10.213        0.000      178.727      134.805
      10.244        0.000      178.727      134.805
      10.275        0.000      178.859      134.941
      10.305        0.000      178.859      134.941
      10.336        0.000      178.859      134.941
      10.367        0.000      178.859      134.941
      10.397        0.000      179.273      135.375
      10.428        0.000      179.273      135.375
      10.459        0.000      179.273      135.375
      10.490        0.000      179.348      135.449
      10.522        0.000      179.348      135.449
      10.551        0.000      179.348      135.449
      10.582        0.000      179.348      135.449
      10.613        0.000      179.348      135.449
      10.644        0.000      179.348      135.449
      10.675        0.000      179.348      135.449
      10.705        0.000      179.410      135.516
      10.736        0.000      179.410      135.516
      10.766        0.000      179.410      135.516
      10.794        0.000      179.410      135.516
      10.828        0.000      179.410      135.516
      10.855        0.000      179.410      135.516
      10.889        0.000      179.410      135.516
      10.916        0.000      179.547      135.656
      10.951        0.000      179.680      135.793
      10.982        0.000      179.680      135.793
      11.012        0.000      179.680      135.793
      11.043        0.000      179.883      136.004
      11.074        0.000      179.883      136.004
      11.104        0.000      179.883      136.004
      11.135        0.000      179.883      136.004
      11.166        0.000      179.883      136.004
      11.197        0.000      179.883      136.004
      11.228        0.000      179.883      136.004
      11.258        0.000      179.898      136.004
      11.289        0.000      179.898      136.004
      11.320        0.000      179.969      136.078
      11.348        0.000      179.969      136.078
      11.381        0.000      180.496      136.586
      11.412        0.000      180.496      136.586
      11.443        0.000      180.504      136.586
      11.473        0.000      180.520      136.586
      11.504        0.000      180.520      136.586
      11.531        0.000      180.520      136.586
      11.558        0.000      180.520      136.586
      11.588        0.000      180.520      136.586
      11.627        0.000      180.520      136.586
      11.658        0.000      180.520      136.586
      11.688        0.000      180.520      136.586
      11.719        0.000      180.520      136.586
      11.750        0.000      180.520      136.586
      11.779        0.000      180.520      136.586
      11.811        0.000      180.520      136.586
      11.842        0.000      180.625      136.723
      11.873        0.000      180.625      136.723
      11.904        0.000      180.625      136.723
      11.935        0.000      180.625      136.723
      11.965        0.000      180.625      136.723
      12.011        0.000      180.691      136.797
      12.058        0.000      180.754      136.863
      12.104        0.000      180.754      136.863
      12.134        0.000      180.754      136.863
      12.165        0.000      181.008      137.125
      12.204        0.000      181.008      137.125
      12.235        0.000      181.008      137.125
      12.281        0.000      181.008      137.125
      12.327        0.000      181.137      137.262
      12.358        0.000      181.137      137.262
      12.388        0.000      181.137      137.262
      12.419        0.000      181.137      137.262
      12.448        0.000      181.266      137.398
      12.480        0.000      181.266      137.398
      12.511        0.000      181.266      137.398
      12.542        0.000      181.391      137.527
      12.572        0.000      181.391      137.527
      12.603        0.000      181.391      137.527
      12.634        0.000      181.391      137.527
      12.680        0.000      181.520      137.668
      12.726        0.000      181.715      137.879
      12.757        0.000      181.715      137.879
      12.788        0.000      181.715      137.879
      12.818        0.000      181.715      137.879
      12.849        0.000      181.746      137.879
      12.878        0.000      181.746      137.879
      12.911        0.000      181.746      137.879
      12.942        0.000      181.746      137.879
      12.973        0.000      181.809      137.945
      13.000        0.000      181.809      137.945
      13.034        0.000      182.164      138.238
      13.065        0.000      184.199      140.359
      13.096        0.000      185.297      141.469
      13.127        0.000      185.789      141.988
      13.173        0.000      187.352      145.012
      13.203        0.000      188.039      145.523
      13.234        0.000      189.371      146.383
      13.265        0.000      190.297      147.074
      13.311        0.000      191.961      148.062
      13.342        0.000      192.949      148.711
      13.373        0.000      195.191      149.961
      13.403        0.000      196.625      150.672
      13.434        0.000      199.336      152.398
      13.465        0.000      200.488      153.035
      13.492        0.000      202.469      154.152
      13.527        0.000      204.770      155.359
      13.557        0.000      207.332      157.863
      13.588        0.000      209.812      159.348
      13.618        0.000      211.844      160.133
      13.649        0.000      213.184      160.207
      13.680        0.000      214.449      161.965
      13.711        0.000      214.949      161.965
      13.741        0.000      216.383      195.953
      13.772        0.000      216.914      196.098
      13.803        0.000      217.988      196.445
      13.834        0.000      218.527      198.934
      13.865        0.000      221.461      295.051
      13.896        0.000      222.145      295.129
      13.927        0.000      223.246      310.973
      13.958        0.000      224.609      311.637
      13.988        0.000      225.270      311.637
      14.019        0.000      225.777      311.684
      14.049        0.000      226.070      311.684
      14.080        0.000      226.160      311.684
      14.111        0.000      226.246      311.684
      14.142        0.000      226.344      311.684
      14.173        0.000      226.453      311.684
      14.203        0.000      226.625      311.684
      14.234        0.000      226.836      311.684
      14.264        0.000      226.996      311.684
      14.295        0.000      227.082      311.684
      14.326        0.000      227.207      311.684
      14.356        0.000      227.328      311.684
      14.387        0.000      227.457      311.684
      14.418        0.000      227.613      311.684
      14.449        0.000      227.750      311.684
      14.480        0.000      227.875      311.684
      14.511        0.000      231.754      313.574
      14.549        0.000      232.809      314.145
      14.603        0.000      232.809      314.145
      14.634        0.000      232.809      314.145
      14.680        0.000      232.809      314.145
      14.711        0.000      232.809      314.145
      14.741        0.000      233.219      314.285
      14.772        0.000      233.371      314.285
      14.803        0.000      233.852      314.660
      14.849        0.000      234.270      314.895
      14.879        0.000      234.270      314.895
      14.925        0.000      234.266      314.895
      14.956        0.000      234.266      314.895
      14.987        0.000      234.762      314.910
      15.018        0.000      234.844      314.910
      15.049        0.000      234.844      314.910
      15.095        0.000      235.281      315.418
      15.141        0.000      236.293      315.539
      15.172        0.000      237.031      315.605
      15.203        0.000      237.031      315.605
      15.248        0.000      237.031      315.605
      15.279        0.000      237.031      315.605
      15.310        0.000      237.031      315.605
      15.341        0.000      237.031      315.605
      15.387        0.000      237.031      315.605
      15.418        0.000      237.031      315.605
      15.448        0.000      237.031      315.605
      15.479        0.000      237.031      315.605
      15.510        0.000      237.031      315.605
      15.541        0.000      237.031      315.605
      15.571        0.000      237.031      315.605
      15.602        0.000      237.031      315.605
      15.633        0.000      237.684      315.980
      15.664        0.000      238.754      316.262
      15.696        0.000      239.957      316.883
      15.741        0.000      239.957      316.883
      15.787        0.000      242.281      318.805
      15.833        0.000      242.305      318.805
      15.864        0.000      242.305      318.805
      15.894        0.000      242.340      318.805
      15.925        0.000      242.344      318.805
      15.956        0.000      242.629      319.160
      15.987        0.000      242.629      319.160
      16.018        0.000      242.629      319.160
      16.048        0.000      242.637      319.160
      16.079        0.000      242.637      319.160
      16.110        0.000      242.637      319.160
      16.141        0.000      242.637      319.160
      16.170        0.000      242.637      319.160
      16.202        0.000      242.645      319.160
      16.233        0.000      242.645      319.160
      16.264        0.000      242.645      319.160
      16.294        0.000      242.645      319.160
      16.325        0.000      242.645      319.160
      16.356        0.000      242.652      319.160
      16.386        0.000      242.656      319.160
      16.417        0.000      242.707      319.160
      16.448        0.000      242.707      319.160
      16.479        0.000      242.738      319.160
      16.525        0.000      242.875      319.160
      16.555        0.000      242.906      319.160
      16.586        0.000      242.906      319.160
      16.617        0.000      242.906      319.160
      16.648        0.000      242.906      319.160
      16.694        0.000      243.000      319.160
      16.740        0.000      243.098      319.160
      16.786        0.000      243.129      319.160
      16.817        0.000      243.129      319.160
      16.847        0.000      243.129      319.160
      16.894        0.000      243.129      319.160
      16.924        0.000      243.129      319.160
      16.955        0.000      243.129      319.160
      16.986        0.000      243.129      319.160
      17.017        0.000      243.129      319.160
      17.047        0.000      243.129      319.160
      17.078        0.000      243.129      319.160
      17.109        0.000      243.129      319.160
      17.140        0.000      243.129      319.160
      17.170        0.000      243.129      319.160
      17.197        0.000      243.129      319.160
      17.240        0.000      243.160      319.160
      17.271        0.000      243.160      319.160
      17.302        0.000      243.160      319.160
      17.348        0.000      243.211      319.160
      17.379        0.000      243.211      319.160
      17.425        0.000      243.211      319.160
      17.456        0.000      243.211      319.160
      17.486        0.000      243.211      319.160
      17.517        0.000      243.211      319.160
      17.548        0.000      243.211      319.160
      17.579        0.000      243.211      319.160
      17.609        0.000      243.211      319.160
      17.640        0.000      243.211      319.160
      17.671        0.000      243.211      319.160
      17.702        0.000      243.211      319.160
      17.732        0.000      243.211      319.160
      17.763        0.000      243.211      319.160
      17.809        0.000      243.676      319.344
      17.855        0.000      243.676      319.344
      17.886        0.000      243.676      319.344
      17.917        0.000      243.676      319.344
      17.948        0.000      244.074      319.441
      17.994        0.000      244.105      319.441
      18.026        0.000      244.105      319.441
      18.071        0.000      244.105      319.441
      18.101        0.000      244.418      319.574
      18.148        0.000      244.449      319.574
      18.178        0.000      244.449      319.574
      18.224        0.000      244.480      319.574
      18.255        0.000      245.102      320.152
      18.286        0.000      245.102      320.152
      18.317        0.000      245.102      320.152
      18.363        0.000      245.133      320.152
      18.394        0.000      245.133      320.152
      18.440        0.000      245.133      320.152
      18.470        0.000      245.164      320.152
      18.517        0.000      245.195      320.152
      18.547        0.000      245.195      320.152
      18.593        0.000      245.195      320.152
      18.624        0.000      245.195      320.152
      18.655        0.000      245.230      320.152
      18.686        0.000      245.238      320.152
      18.716        0.000      245.238      320.152
      18.763        0.000      245.270      320.152
      18.793        0.000      245.309      320.152
      18.839        0.000      245.410      320.152
      18.886        0.000      245.441      320.152
      18.932        0.000      245.441      320.152
      18.978        0.000      245.480      320.152
      19.024        0.000      245.480      320.152
      19.070        0.000      245.480      320.152
      19.101        0.000      245.547      320.152
      19.132        0.000      245.578      320.152
      19.178        0.000      245.586      320.152
      19.208        0.000      245.586      320.152
      19.239        0.000      245.586      320.152
      19.270        0.000      245.625      320.152
      19.301        0.000      245.625      320.152
      19.331        0.000      245.625      320.152
      19.362        0.000      245.727      320.152
      19.408        0.000      245.742      320.152
      19.441        0.000      245.742      320.152
      19.470        0.000      245.797      320.152
      19.501        0.000      245.828      320.152
      19.531        0.000      245.828      320.152
      19.562        0.000      245.836      320.152
      19.608        0.000      243.355      318.676
      19.655        0.000      243.617      318.941
      19.717        0.000      243.715      319.000
      19.762        0.000      243.715      319.000
      19.808        0.000      243.715      319.000
      19.854        0.000      243.781      319.059
      19.885        0.000      243.781      319.059
      19.916        0.000      243.781      319.059
      19.946        0.000      243.781      319.059
      19.979        0.000      243.781      319.059
      20.023        0.000      243.816      319.059
      20.070        0.000      243.840      319.059
      20.116        0.000      243.875      319.059
      20.146        0.000      243.875      319.059
      20.193        0.000      243.883      319.059
      20.223        0.000      243.883      319.059
      20.254        0.000      243.883      319.059
      20.300        0.000      244.023      319.117
      20.331        0.000      244.023      319.117
      20.362        0.000      244.094      319.117
      20.408        0.000      244.094      319.117
      20.454        0.000      244.172      319.117
      20.500        0.000      244.203      319.117
      20.531        0.000      244.242      319.117
      20.577        0.000      244.242      319.117
      20.623        0.000      244.238      319.117
      20.654        0.000      244.246      319.117
      20.685        0.000      244.246      319.117
      20.715        0.000      244.254      319.117
      20.761        0.000      244.773      319.383
      20.808        0.000      245.121      319.758
      20.854        0.000      245.121      319.758
      20.900        0.000      246.438      319.848
      20.931        0.000      246.438      319.848
      20.961        0.000      245.922      318.621
      21.007        0.000      245.922      318.621
      21.039        0.000      245.957      318.680
      21.069        0.000      245.988      318.680
      21.115        0.000      245.988      318.680
      21.161        0.000      246.078      318.707
      21.192        0.000      246.078      318.707
      21.223        0.000      246.078      318.707
      21.269        0.000      246.094      318.707
      21.315        0.000      246.094      318.707
      21.361        0.000      246.203      318.828
      21.407        0.000      246.203      318.828
      21.453        0.000      246.203      318.828
      21.484        0.000      246.203      318.828
      21.530        0.000      246.203      318.828
      21.561        0.000      246.211      318.828
      21.607        0.000      246.211      318.828
      21.638        0.000      246.211      318.828
      21.669        0.000      246.207      318.828
      21.699        0.000      246.223      318.832
      21.745        0.000      246.223      318.832
      21.776        0.000      246.223      318.832
      21.822        0.000      246.223      318.832
      21.868        0.000      246.258      318.832
      21.915        0.000      246.324      318.832
      21.949        0.000      246.500      318.832
      21.984        0.000      246.531      318.832
      22.015        0.000      246.531      318.832
      22.061        0.000      246.555      318.832
      22.107        0.000      247.359      319.914
      22.153        0.000      247.410      319.914
      22.182        0.000      247.410      319.914
      22.223        0.000      247.461      319.914
      22.254        0.000      247.461      319.914
      22.300        0.000      247.461      319.914
      22.331        0.000      247.465      319.914
      22.377        0.000      247.465      319.914
      22.408        0.000      247.555      319.914
      22.438        0.000      247.555      319.914
      22.469        0.000      247.590      319.914
      22.515        0.000      247.723      320.781
      22.561        0.000      247.801      320.781
      22.608        0.000      247.801      320.781
      22.638        0.000      247.801      320.781
      22.669        0.000      247.801      320.781
      22.700        0.000      247.801      320.781
      22.731        0.000      247.801      320.781
      22.761        0.000      247.801      320.781
      22.807        0.000      247.852      320.781
      22.854        0.000      247.852      320.781
      22.884        0.000      247.949      320.781
      22.915        0.000      247.996      320.781
      22.946        0.000      248.031      320.781
      22.977        0.000      248.031      320.781
      23.007        0.000      248.043      320.781
      23.053        0.000      248.043      320.781
      23.084        0.000      248.043      320.781
      23.130        0.000      248.043      320.781
      23.176        0.000      248.078      320.781
      23.207        0.000      248.141      320.781
      23.239        0.000      248.559      320.781
      23.284        0.000      248.562      320.781
      23.330        0.000      248.562      320.781
      23.361        0.000      248.562      320.781
      23.391        0.000      248.598      320.781
      23.438        0.000      248.629      320.781
      23.468        0.000      248.629      320.781
      23.515        0.000      248.734      320.781
      23.545        0.000      250.062      320.781
      23.591        0.000      253.117      320.809
      23.638        0.000      253.160      320.863
      23.684        0.000      253.164      320.863
      23.730        0.000      253.164      320.863
      23.776        0.000      253.164      320.863
      23.822        0.000      253.164      320.863
      23.853        0.000      253.164      320.863
      23.884        0.000      253.164      320.863
      23.914        0.000      253.164      320.863
      23.945        0.000      253.164      320.863
      23.976        0.000      253.801      321.461
      24.007        0.000      253.801      321.461
      24.037        0.000      253.801      321.461
      24.068        0.000      253.801      321.461
      24.099        0.000      253.801      321.461
      24.130        0.000      253.801      321.461
      24.160        0.000      253.801      321.461
      24.206        0.000      253.801      321.461
      24.237        0.000      253.801      321.461
      24.268        0.000      253.801      321.461
      24.299        0.000      253.801      321.461
      24.345        0.000      253.801      321.461
      24.376        0.000      253.801      321.461
      24.422        0.000      253.801      321.461
      24.452        0.000      253.801      321.461
      24.499        0.000      253.801      321.461
      24.545        0.000      253.801      321.461
      24.575        0.000      253.805      321.461
      24.606        0.000      253.809      321.461
      24.637        0.000      252.262      320.289
      24.668        0.000      252.262      320.289
      24.714        0.000      252.262      320.289
      24.760        0.000      252.262      320.289
      24.806        0.000      252.434      320.527
      24.852        0.000      252.816      320.871
      24.898        0.000      252.816      320.871
      24.929        0.000      252.816      320.871
      24.960        0.000      252.816      320.871
      24.991        0.000      252.816      320.871
      25.021        0.000      252.816      320.871
      25.067        0.000      252.828      320.871
      25.114        0.000      252.852      320.871
      25.160        0.000      252.855      320.871
      25.190        0.000      252.855      320.871
      25.237        0.000      252.781      320.871
      25.283        0.000      252.781      320.871
      25.313        0.000      252.781      320.871
      25.360        0.000      252.781      320.871
      25.406        0.000      252.785      320.871
      25.452        0.000      252.785      320.871
      25.498        0.000      252.793      320.871
      25.544        0.000      252.793      320.871
      25.590        0.000      252.797      320.871
      25.636        0.000      252.793      320.871
      25.683        0.000      252.805      320.871
      25.729        0.000      252.805      320.871
      25.759        0.000      253.656      321.711
      25.791        0.000      253.656      321.711
      25.836        0.000      253.672      321.746
      25.882        0.000      254.066      321.996
      25.913        0.000      254.078      322.031
      25.959        0.000      254.086      322.031
      26.005        0.000      254.094      322.066
      26.052        0.000      254.129      322.102
      26.110        0.000      259.594      327.488
      26.221        0.000      258.500      326.996
      26.280        0.000      258.297      326.996
      26.326        0.000      258.250      326.996
      26.361        0.000      258.250      326.996
      26.396        0.000      258.250      326.996
      26.427        0.000      258.250      326.996
      26.458        0.000      258.250      326.996
      26.489        0.000      258.250      326.996
      26.535        0.000      258.312      327.066
      26.581        0.000      258.336      327.105
      26.612        0.000      258.332      327.105
      26.658        0.000      258.332      327.105
      26.688        0.000      258.332      327.105
      26.727        0.000      258.332      327.105
      26.758        0.000      258.332      327.105
      26.789        0.000      258.332      327.105
      26.819        0.000      258.332      327.105
      26.865        0.000      258.367      327.133
      26.912        0.000      258.367      327.133
      26.942        0.000      258.512      327.242
      26.988        0.000      258.512      327.242
      27.035        0.000      258.516      327.242
      27.081        0.000      258.516      327.242
      27.112        0.000      258.516      327.242
      27.142        0.000      258.516      327.242
      27.173        0.000      258.516      327.242
      27.211        0.000      258.516      327.242
      27.246        0.000      258.520      327.242
      27.278        0.000      258.520      327.242
      27.309        0.000      258.520      327.242
      27.338        0.000      258.520      327.242
      27.372        0.000      258.520      327.242
      27.404        0.000      258.520      327.242
      27.435        0.000      258.520      327.242
      27.466        0.000      258.520      327.242
      27.497        0.000      258.520      327.242
      27.528        0.000      258.520      327.242
      27.574        0.000      258.520      327.242
      27.605        0.000      258.520      327.242
      27.635        0.000      258.516      327.242
      27.670        0.000      258.516      327.242
      27.698        0.000      258.520      327.242
      27.729        0.000      258.703      327.242
      27.759        0.000      258.703      327.242
      27.790        0.000      258.703      327.242
      27.836        0.000      258.703      327.242
      27.867        0.000      258.707      327.426
      27.898        0.000      258.711      327.426
      27.933        0.000      258.711      327.426
      27.965        0.000      258.723      327.438
      28.007        0.000      258.723      327.438
      28.053        0.000      258.723      327.438
      28.084        0.000      258.723      327.438
      28.115        0.000      258.730      327.438
      28.146        0.000      258.730      327.438
      28.177        0.000      258.738      327.438
      28.209        0.000      258.738      327.438
      28.239        0.000      258.738      327.438
      28.270        0.000      258.738      327.438
      28.301        0.000      258.738      327.438
      28.332        0.000      258.738      327.438
      28.362        0.000      258.738      327.438
      28.393        0.000      258.738      327.438
