# Elapsed time   CPU (%)     Real (MB)   Virtual (MB)
       0.000        0.000        0.969        6.160
       0.021        0.000       20.742      177.031
       0.043        0.000       22.223      177.031
       0.066        0.000       25.102      177.219
       0.088        0.000       30.219      177.469
       0.110        0.000       31.527      177.969
       0.132        0.000       32.426      177.969
       0.151        0.000       39.598      178.062
       0.169        0.000       39.598      178.062
       0.188        0.000       57.555      191.668
       0.207        0.000       58.859      210.633
       0.226        0.000       62.680      210.891
       0.244        0.000       79.203      362.527
       0.263        0.000       79.203      362.527
       0.281        0.000       79.203      362.527
       0.300        0.000       79.203      362.527
       0.319        0.000       79.203      362.527
       0.337        0.000       80.777      362.527
       0.356        0.000       82.109      363.527
       0.374        0.000       82.109      363.527
       0.393        0.000       85.059      363.527
       0.412        0.000       85.836      363.527
       0.430        0.000       85.836      363.527
       0.449        0.000       86.773      363.527
       0.467        0.000       86.773      363.527
       0.486        0.000       86.773      363.527
       0.505        0.000       86.773      363.527
       0.523        0.000       86.773      363.527
       0.542        0.000       87.902      363.527
       0.561        0.000       87.902      363.527
       0.579        0.000       87.902      363.527
       0.598        0.000       88.914      363.527
       0.617        0.000       88.914      363.527
       0.636        0.000       89.609      363.527
       0.654        0.000       89.609      363.527
       0.673        0.000       89.609      363.527
       0.691        0.000       89.609      363.527
       0.710        0.000       89.609      363.527
       0.728        0.000       90.863      363.527
       0.747        0.000       93.684      363.527
       0.766        0.000       93.684      363.527
       0.784        0.000       93.684      363.527
       0.803        0.000       93.684      363.527
       0.822        0.000       94.855      363.527
       0.841        0.000      109.707      512.625
       0.862        0.000      112.785      527.375
       0.885        0.000      116.047      605.930
       0.904        0.000      116.816      605.930
       0.922        0.000      117.848      605.930
       0.941        0.000      118.879      605.930
       0.960        0.000      123.156      605.930
       0.979        0.000      125.793      605.984
       0.997        0.000      127.699      605.984
       1.016        0.000      128.312      605.984
       1.034        0.000      128.379      605.984
       1.053        0.000      128.570      605.984
       1.072        0.000      128.719      605.984
       1.090        0.000      128.785      605.984
       1.109        0.000      128.922      605.984
       1.128        0.000      128.969      605.984
       1.146        0.000      129.098      605.984
       1.165        0.000      129.176      605.984
       1.184        0.000      129.281      605.984
       1.202        0.000      129.586      605.984
       1.221        0.000      129.453      605.984
       1.239        0.000      129.523      605.984
       1.258        0.000      129.465      605.984
       1.277        0.000      129.465      605.984
       1.295        0.000      131.570      609.844
       1.314        0.000      131.570      609.844
       1.333        0.000      131.570      609.844
       1.351        0.000      136.828      609.996
       1.369        0.000      150.641      856.938
       1.391        0.000      156.391      856.938
       1.413        0.000      165.758      872.945
       1.436        0.000      169.145      872.945
       1.456        0.000      175.906      872.945
       1.479        0.000      181.062      872.945
       1.501        0.000      187.914      874.945
       1.524        0.000      192.531      874.945
       1.546        0.000      199.070      874.945
       1.570        0.000      203.488      874.945
       1.593        0.000      210.941      874.945
       1.617        0.000      215.641      874.945
       1.640        0.000      221.289      874.945
       1.662        0.000      224.898      874.945
       1.680        0.000      227.922      874.945
       1.699        0.000      230.254      874.945
       1.717        0.000      233.852      875.402
       1.736        0.000      236.754      876.906
       1.754        0.000      240.484      878.113
       1.773        0.000      247.301     3329.469
       1.792        0.000      253.379     3526.332
       1.815        0.000      254.844     3526.332
       1.833        0.000      255.359     3526.332
       1.852        0.000      255.875     3526.332
       1.870        0.000      256.395     3656.340
       1.889        0.000      259.520     3916.383
       1.912        0.000      262.281     3916.418
       1.935        0.000      263.891     3917.691
       1.959        0.000      265.785     3982.738
       1.982        0.000      268.426     3983.969
       2.010        0.000      271.195     3986.504
       2.028        0.000      276.125     3988.266
       2.050        0.000      277.523     3989.070
       2.068        0.000      277.523     3989.070
       2.086        0.000      281.664     3990.711
       2.110        0.000      285.859     3992.223
       2.129        0.000      285.859     3992.223
       2.148        0.000      289.082     3993.375
       2.170        0.000      292.062     3994.039
       2.191        0.000      294.555     4059.188
       2.210        0.000      300.855     4061.133
       2.231        0.000      302.898     4061.215
       2.254        0.000      306.738     4062.797
       2.279        0.000      319.602     4146.801
       2.303        0.000      336.871     4158.801
       2.327        0.000      353.871     4170.801
       2.350        0.000      370.363     4186.801
       2.373        0.000      386.340     4198.801
       2.396        0.000      399.477     4210.801
       2.421        0.000      400.250     4275.805
       2.442        0.000      403.082     4275.805
       2.461        0.000      404.430     4279.805
       2.481        0.000      405.004     4344.844
       2.503        0.000      407.309     4421.188
       2.530        0.000      410.633     4423.844
       2.564        0.000      413.016     4424.730
       2.585        0.000      420.023     4424.789
       2.606        0.000      421.488     4425.219
       2.625        0.000      423.301     4429.629
       2.643        0.000      423.301     4429.629
       2.662        0.000      423.301     4429.629
       2.680        0.000      424.801     4429.688
       2.699        0.000      425.422     4429.734
       2.722        0.000      433.008     4447.246
       2.744        0.000      436.359     4447.246
       2.765        0.000      435.836     4447.246
       2.786        0.000      435.836     4447.246
       2.808        0.000      437.379     4447.246
       2.828        0.000      439.605     4447.246
       2.851        0.000      442.414     4447.246
       2.875        0.000      443.188     4447.246
       2.898        0.000      443.703     4447.246
       2.920        0.000      445.250     4447.246
       2.942        0.000      446.539     4447.246
       2.964        0.000      448.086     4447.246
       2.986        0.000      448.859     4447.246
       3.009        0.000      450.406     4447.246
       3.031        0.000      451.695     4447.246
       3.053        0.000      453.242     4447.246
       3.075        0.000      454.598     4448.105
       3.094        0.000      454.902     4448.297
       3.114        0.000      456.473     4452.551
       3.133        0.000      456.473     4452.551
       3.152        0.000      456.473     4452.551
       3.171        0.000      457.906     4452.551
       3.190        0.000      458.688     4453.926
       3.209        0.000      458.688     4453.926
       3.228        0.000      460.996     4455.273
       3.247        0.000      461.367     4455.598
       3.265        0.000      461.957     4456.621
       3.284        0.000      464.129     4457.500
       3.303        0.000      465.414     4457.836
       3.322        0.000      471.906     4457.836
       3.343        0.000      475.551     4456.324
       3.365        0.000      475.863     4456.324
       3.384        0.000      476.578     4457.477
       3.402        0.000      476.703     4457.762
       3.421        0.000      477.684     4457.762
       3.440        0.000      478.320     4463.223
       3.460        0.000      478.320     4463.223
       3.479        0.000      480.668     4463.223
       3.498        0.000      480.852     4463.223
       3.516        0.000      480.852     4463.223
       3.534        0.000      480.852     4463.223
       3.553        0.000      480.852     4463.223
       3.571        0.000      480.852     4463.223
       3.589        0.000      480.852     4463.223
       3.607        0.000      480.852     4463.223
       3.626        0.000      480.852     4463.223
       3.644        0.000      480.852     4463.223
       3.662        0.000      481.270     4463.223
       3.681        0.000      482.648     4463.320
       3.700        0.000      482.648     4463.320
       3.718        0.000      482.648     4463.320
       3.737        0.000      482.648     4463.320
       3.755        0.000      482.648     4463.320
       3.774        0.000      482.648     4463.320
       3.792        0.000      482.648     4463.320
       3.811        0.000      482.648     4463.320
       3.829        0.000      482.648     4463.320
       3.847        0.000      482.691     4464.090
       3.866        0.000      489.426     4555.984
       3.885        0.000      493.035     4555.984
       3.903        0.000      496.387     4555.984
       3.922        0.000      499.996     4555.984
       3.940        0.000      503.348     4555.984
       3.959        0.000      506.957     4555.984
       3.978        0.000      525.797     4537.605
       3.996        0.000      529.406     4537.605
       4.015        0.000      539.719     4537.605
       4.034        0.000      549.773     4537.605
       4.053        0.000      559.828     4537.605
       4.071        0.000      567.832     4537.844
       4.090        0.000      578.094     4537.844
       4.110        0.000      584.539     4537.844
       4.131        0.000      601.145     4634.582
       4.149        0.000      624.090     4686.992
       4.168        0.000      657.605     4686.992
       4.188        0.000      670.496     4686.992
       4.207        0.000      670.496     4686.992
       4.226        0.000      670.496     4686.992
       4.244        0.000      670.496     4686.992
       4.263        0.000      670.496     4686.992
       4.282        0.000      670.496     4686.992
       4.301        0.000      671.012     4686.992
       4.320        0.000      673.074     4686.992
       4.338        0.000      674.363     4686.992
       4.357        0.000      675.395     4686.992
       4.376        0.000      676.684     4686.992
       4.396        0.000      677.973     4686.992
       4.415        0.000      679.520     4686.992
       4.434        0.000      680.551     4686.992
       4.453        0.000      681.840     4686.992
       4.472        0.000      682.871     4686.992
       4.491        0.000      684.418     4686.992
       4.510        0.000      685.707     4686.992
       4.528        0.000      687.254     4686.992
       4.547        0.000      688.543     4686.992
       4.566        0.000      689.574     4686.992
       4.585        0.000      690.348     4686.992
       4.605        0.000      691.121     4686.992
       4.625        0.000      691.637     4686.992
       4.645        0.000      691.637     4686.992
       4.667        0.000      691.637     4686.992
       4.689        0.000      691.637     4686.992
       4.712        0.000      691.637     4686.992
       4.734        0.000      691.637     4686.992
       4.756        0.000      691.637     4686.992
       4.778        0.000      691.637     4686.992
       4.800        0.000      691.637     4686.992
       4.823        0.000      691.637     4686.992
       4.845        0.000      691.637     4686.992
       4.866        0.000      691.637     4686.992
       4.885        0.000      691.637     4686.992
       4.904        0.000      691.637     4686.992
       4.923        0.000      691.637     4686.992
       4.943        0.000      691.637     4686.992
       4.962        0.000      691.637     4686.992
       4.983        0.000      691.637     4686.992
       5.003        0.000      639.387     4671.340
       5.022        0.000      639.387     4671.340
       5.042        0.000      650.984     4671.340
       5.061        0.000      665.938     4692.449
       5.080        0.000      684.758     4692.449
       5.099        0.000      692.492     4692.449
       5.118        0.000      692.492     4692.449
       5.137        0.000      692.492     4692.449
       5.156        0.000      692.492     4692.449
       5.174        0.000      650.297     4634.582
       5.193        0.000      650.297     4634.582
       5.214        0.000      650.297     4671.340
       5.233        0.000      650.551     4671.340
       5.253        0.000      663.184     4671.340
       5.273        0.000      671.176     4671.340
       5.293        0.000      692.316     4671.340
       5.312        0.000      696.699     4700.902
       5.332        0.000      710.621     4700.902
       5.350        0.000      723.512     4700.902
       5.369        0.000      703.824     4700.902
       5.389        0.000      703.824     4700.902
       5.407        0.000      711.297     4700.902
       5.427        0.000      724.188     4700.902
       5.446        0.000      731.672     6541.031
       5.465        0.000      731.672     6541.031
       5.484        0.000      731.672     6541.031
       5.503        0.000      731.672     6541.031
       5.521        0.000      731.672     6541.031
       5.540        0.000      732.527     6541.047
       5.559        0.000      732.742     6541.047
       5.577        0.000      732.742     6541.047
       5.596        0.000      742.184     6605.551
       5.615        0.000      749.730     6605.551
       5.634        0.000      758.926     6605.551
       5.653        0.000      763.824     6605.551
       5.672        0.000      773.066     6605.551
       5.691        0.000      776.418     6605.551
       5.710        0.000      783.379     6605.551
       5.729        0.000      792.660     6605.551
       5.749        0.000      794.500     6669.551
       5.768        0.000      802.902     6669.551
       5.788        0.000      804.375     6669.551
       5.807        0.000      809.203     6669.551
       5.826        0.000      816.164     6669.551
       5.846        0.000      822.590     6669.551
       5.864        0.000      829.551     6669.551
       5.883        0.000      835.738     6669.551
       5.903        0.000      849.098     6669.551
       5.922        0.000      849.613     6669.551
       5.941        0.000      850.387     6669.551
       5.961        0.000      857.348     6669.551
       5.980        0.000      864.309     6669.551
       5.999        0.000      868.949     6669.551
       6.018        0.000      875.910     6669.551
       6.037        0.000      882.098     6669.551
       6.056        0.000      888.027     6669.551
       6.075        0.000      894.730     6669.551
       6.094        0.000      901.434     6669.551
       6.113        0.000      907.621     6669.551
       6.132        0.000      914.324     6669.551
       6.151        0.000      916.387     6669.551
       6.170        0.000      924.121     6669.551
       6.189        0.000      929.020     6669.551
       6.209        0.000      936.496     6669.551
       6.228        0.000      936.496     6669.551
       6.247        0.000      937.527     6669.551
       6.266        0.000      943.973     6669.551
       6.286        0.000      951.707     6669.551
       6.305        0.000      957.379     6669.551
       6.324        0.000      963.051     6669.551
       6.343        0.000      973.621     6669.551
       6.363        0.000      973.621     6669.551
       6.382        0.000      973.621     6669.551
       6.402        0.000      973.621     6669.551
       6.421        0.000      985.719     6669.551
       6.441        0.000      987.008     6669.551
       6.460        0.000      987.008     6669.551
       6.480        0.000      987.008     6669.551
       6.499        0.000      987.008     6669.551
       6.518        0.000     1001.445     6669.551
       6.538        0.000     1001.703     6669.551
       6.557        0.000     1001.703     6669.551
       6.576        0.000     1001.961     6669.551
       6.596        0.000     1001.961     6669.551
       6.615        0.000     1002.203     6669.551
       6.634        0.000     1007.605     6669.551
       6.653        0.000     1014.051     6669.551
       6.672        0.000     1021.270     6669.551
       6.692        0.000     1026.168     6669.551
       6.712        0.000     1031.066     6669.551
       6.730        0.000     1037.770     6669.551
       6.749        0.000     1044.215     6669.551
       6.768        0.000     1050.145     6669.551
       6.787        0.000     1055.559     6669.551
       6.807        0.000     1066.902     6669.551
       6.827        0.000     1066.902     6669.551
       6.847        0.000     1066.902     6669.551
       6.866        0.000     1066.902     6669.551
       6.885        0.000     1070.512     6669.551
       6.904        0.000     1077.730     6669.551
       6.922        0.000     1085.207     6669.551
       6.942        0.000     1088.043     6669.551
       6.961        0.000     1095.004     6669.551
       6.980        0.000     1101.191     6669.551
       7.000        0.000     1108.262     6669.551
       7.019        0.000     1113.934     6669.551
       7.037        0.000     1120.895     6669.551
       7.056        0.000     1126.566     6669.551
       7.076        0.000     1130.949     6669.551
       7.095        0.000     1136.363     6669.551
       7.114        0.000     1147.191     6669.551
       7.134        0.000     1147.191     6669.551
       7.153        0.000     1147.191     6669.551
       7.173        0.000     1147.191     6669.551
       7.192        0.000     1148.738     6669.551
       7.211        0.000     1155.441     6669.551
       7.230        0.000     1161.371     6669.551
       7.249        0.000     1169.621     6669.551
       7.268        0.000     1172.715     6669.551
       7.288        0.000     1179.418     6669.551
       7.307        0.000     1185.863     6669.551
       7.325        0.000     1192.309     6669.551
       7.344        0.000     1200.043     6669.551
       7.363        0.000     1204.426     6669.551
       7.383        0.000     1216.027     6669.551
       7.402        0.000     1216.027     6669.551
       7.421        0.000     1216.027     6669.551
       7.441        0.000     1216.027     6669.551
       7.461        0.000     1221.184     6669.551
       7.479        0.000     1227.629     6669.551
       7.499        0.000     1234.332     6669.551
       7.518        0.000     1241.293     6669.551
       7.537        0.000     1248.512     6669.551
       7.556        0.000     1249.285     6669.551
       7.575        0.000     1256.246     6669.551
       7.594        0.000     1262.176     6669.551
       7.613        0.000     1268.621     6669.551
       7.632        0.000     1275.840     6669.551
       7.651        0.000     1278.676     6669.551
       7.670        0.000     1287.441     6669.551
       7.689        0.000     1291.566     6669.551
       7.708        0.000     1298.270     6669.551
       7.726        0.000     1304.973     6669.551
       7.745        0.000     1310.129     6669.551
       7.765        0.000     1316.059     6669.551
       7.784        0.000     1320.441     6669.551
       7.804        0.000     1325.855     6669.551
       7.822        0.000     1332.043     6669.551
       7.841        0.000     1339.777     6669.551
       7.861        0.000     1340.035     6669.551
       7.880        0.000     1348.285     6669.551
       7.899        0.000     1353.699     6669.551
       7.921        0.000     1360.918     6669.551
       7.944        0.000     1362.723     6669.551
       7.968        0.000     1367.879     6669.551
       7.992        0.000     1373.293     6669.551
       8.014        0.000     1383.863     6669.551
       8.036        0.000     1393.918     6669.551
       8.058        0.000     1403.973     6669.551
       8.081        0.000     1414.543     6669.551
       8.104        0.000     1419.957     6669.551
       8.127        0.000     1430.516     6669.551
       8.151        0.000     1430.516     6669.551
       8.175        0.000     1430.516     6669.551
       8.198        0.000     1430.516     6669.551
       8.222        0.000     1452.172     6669.551
       8.246        0.000     1454.492     6669.551
       8.269        0.000     1454.492     6669.551
       8.293        0.000     1454.492     6669.551
       8.315        0.000     1454.492     6669.551
       8.339        0.000     1459.648     6669.551
       8.362        0.000     1482.594     6669.551
       8.385        0.000     1484.914     6669.551
       8.409        0.000     1484.914     6669.551
       8.431        0.000     1484.914     6669.551
       8.454        0.000     1485.172     6669.551
       8.478        0.000     1485.430     6669.551
       8.500        0.000     1485.430     6669.551
       8.519        0.000     1485.430     6669.551
       8.538        0.000     1485.430     6669.551
       8.557        0.000     1485.430     6669.551
       8.576        0.000     1485.430     6669.551
       8.595        0.000     1510.438     6669.551
       8.615        0.000     1510.438     6669.551
       8.634        0.000     1510.438     6669.551
       8.653        0.000     1510.438     6669.551
       8.672        0.000     1510.438     6669.551
       8.691        0.000     1510.438     6669.551
       8.711        0.000     1510.438     6669.551
       8.730        0.000     1510.438     6669.551
       8.749        0.000     1510.438     6669.551
       8.769        0.000     1510.438     6669.551
       8.788        0.000     1510.438     6669.551
       8.808        0.000     1510.438     6669.551
       8.827        0.000     1510.438     6669.551
       8.847        0.000     1510.438     6669.551
       8.866        0.000     1510.922     6669.551
       8.886        0.000     1510.922     6669.551
       8.905        0.000     1510.922     6669.551
       8.924        0.000     1534.875     6669.551
       8.943        0.000     1537.195     6669.551
       8.962        0.000     1537.195     6669.551
       8.981        0.000     1537.195     6669.551
       9.000        0.000     1537.195     6669.551
       9.019        0.000     1537.195     6669.551
       9.038        0.000     1537.195     6669.551
       9.058        0.000     1537.195     6669.551
       9.077        0.000     1537.195     6669.551
       9.097        0.000     1537.195     6669.551
       9.116        0.000     1537.195     6669.551
       9.135        0.000     1537.195     6669.551
       9.154        0.000     1537.195     6669.551
       9.174        0.000     1537.195     6669.551
       9.194        0.000     1537.660     6669.551
       9.213        0.000     1537.660     6669.551
       9.232        0.000     1537.660     6669.551
       9.251        0.000     1538.141     6669.551
       9.271        0.000     1571.090     6669.551
       9.290        0.000     1571.605     6669.551
       9.309        0.000     1571.605     6669.551
       9.328        0.000     1574.441     6669.551
       9.347        0.000     1574.441     6669.551
       9.366        0.000     1574.441     6669.551
       9.385        0.000     1574.441     6669.551
       9.404        0.000     1574.441     6669.551
       9.424        0.000     1574.441     6669.551
       9.443        0.000     1574.441     6669.551
       9.463        0.000     1574.441     6669.551
       9.482        0.000     1574.441     6669.551
       9.501        0.000     1574.441     6669.551
       9.521        0.000     1574.441     6669.551
       9.540        0.000     1574.441     6669.551
       9.559        0.000     1574.441     6669.551
       9.578        0.000     1574.441     6669.551
       9.598        0.000     1574.441     6669.551
       9.617        0.000     1574.441     6669.551
       9.637        0.000     1574.934     6669.551
       9.656        0.000     1574.934     6669.551
       9.675        0.000     1574.934     6669.551
       9.694        0.000     1574.934     6669.551
       9.713        0.000     1574.934     6669.551
       9.732        0.000     1605.602     6669.551
       9.752        0.000     1605.602     6669.551
       9.772        0.000     1605.602     6669.551
       9.791        0.000     1606.094     6669.551
       9.810        0.000     1606.094     6669.551
       9.829        0.000     1606.094     6669.551
       9.848        0.000     1606.094     6669.551
       9.867        0.000     1606.094     6669.551
       9.886        0.000     1606.094     6669.551
       9.905        0.000     1606.094     6669.551
       9.925        0.000     1606.094     6669.551
       9.944        0.000     1606.094     6669.551
       9.964        0.000     1606.094     6669.551
       9.983        0.000     1606.094     6669.551
      10.002        0.000     1606.094     6669.551
      10.022        0.000     1606.094     6669.551
      10.042        0.000     1606.332     6669.551
      10.061        0.000     1606.332     6669.551
      10.081        0.000     1606.332     6669.551
      10.100        0.000     1606.332     6669.551
      10.119        0.000     1609.375     6669.551
      10.138        0.000     1616.336     6669.551
      10.157        0.000     1624.070     6669.551
      10.176        0.000     1629.484     6669.551
      10.195        0.000     1632.320     6669.551
      10.215        0.000     1639.023     6669.551
      10.233        0.000     1645.727     6669.551
      10.252        0.000     1650.367     6669.551
      10.272        0.000     1657.844     6669.551
      10.291        0.000     1663.773     6669.551
      10.310        0.000     1669.703     6669.551
      10.329        0.000     1677.180     6669.551
      10.348        0.000     1683.109     6669.551
      10.367        0.000     1688.523     6669.551
      10.386        0.000     1697.289     6669.551
      10.405        0.000     1700.125     6669.551
      10.424        0.000     1705.281     6669.551
      10.444        0.000     1705.281     6669.551
      10.463        0.000     1709.922     6669.551
      10.482        0.000     1718.945     6669.551
      10.502        0.000     1718.945     6669.551
      10.521        0.000     1718.945     6669.551
      10.540        0.000     1732.609     6669.551
      10.559        0.000     1732.609     6669.551
      10.578        0.000     1732.609     6669.551
      10.598        0.000     1732.609     6669.551
      10.617        0.000     1732.609     6669.551
      10.637        0.000     1732.609     6669.551
      10.656        0.000     1733.898     6669.551
      10.676        0.000     1740.344     6669.551
      10.694        0.000     1747.305     6669.551
      10.713        0.000     1756.328     6669.551
      10.733        0.000     1760.969     6669.551
      10.752        0.000     1762.258     6669.551
      10.772        0.000     1769.477     6669.551
      10.791        0.000     1776.438     6669.551
      10.810        0.000     1787.266     6669.551
      10.829        0.000     1787.266     6669.551
      10.849        0.000     1792.164     6669.551
      10.868        0.000     1803.250     6669.551
      10.887        0.000     1803.250     6669.551
      10.907        0.000     1803.250     6669.551
      10.926        0.000     1803.250     6669.551
      10.945        0.000     1805.828     6669.551
      10.964        0.000     1812.273     6669.551
      10.983        0.000     1818.977     6669.551
      11.002        0.000     1824.391     6669.551
      11.021        0.000     1831.352     6669.551
      11.040        0.000     1836.250     6669.551
      11.059        0.000     1842.438     6669.551
      11.079        0.000     1844.758     6669.551
      11.097        0.000     1852.750     6669.551
      11.116        0.000     1856.617     6669.551
      11.135        0.000     1863.578     6669.551
      11.154        0.000     1870.539     6669.551
      11.173        0.000     1875.695     6669.551
      11.193        0.000     1882.914     6669.551
      11.212        0.000     1882.914     6669.551
      11.232        0.000     1898.125     6669.551
      11.251        0.000     1898.125     6669.551
      11.271        0.000     1898.125     6669.551
      11.290        0.000     1898.125     6669.551
      11.310        0.000     1898.125     6669.551
      11.329        0.000     1898.125     6669.551
      11.348        0.000     1904.055     6669.551
      11.367        0.000     1909.469     6669.551
      11.386        0.000     1916.688     6669.551
      11.405        0.000     1924.164     6669.551
      11.425        0.000     1926.484     6669.551
      11.444        0.000     1933.961     6669.551
      11.463        0.000     1938.859     6669.551
      11.482        0.000     1947.109     6669.551
      11.501        0.000     1952.523     6669.551
      11.520        0.000     1960.516     6669.551
      11.539        0.000     1965.672     6669.551
      11.558        0.000     1970.055     6669.551
      11.577        0.000     1975.211     6669.551
      11.597        0.000     1981.656     6669.551
      11.616        0.000     1981.656     6669.551
      11.636        0.000     1982.945     6669.551
      11.655        0.000     1990.164     6669.551
      11.675        0.000     1996.867     6669.551
      11.693        0.000     2003.055     6669.551
      11.712        0.000     2010.016     6669.551
      11.731        0.000     2015.430     6669.551
      11.750        0.000     2023.164     6669.551
      11.769        0.000     2026.773     6669.551
      11.788        0.000     2034.766     6669.551
      11.807        0.000     2038.375     6669.551
      11.827        0.000     2042.758     6669.551
      11.846        0.000     2044.047     6669.551
      11.865        0.000     2051.523     6669.551
      11.885        0.000     2059.000     6669.551
      11.904        0.000     2064.672     6669.551
      11.923        0.000     2064.672     6669.551
      11.943        0.000     2070.602     6669.551
      11.962        0.000     2070.602     6669.551
      11.981        0.000     2078.852     6669.551
      12.003        0.000     2078.852     6669.551
      12.027        0.000     2088.133     6669.551
      12.049        0.000     2098.703     6669.551
      12.072        0.000     2106.438     6669.551
      12.094        0.000     2117.523     6669.551
      12.116        0.000     2125.258     6669.551
      12.139        0.000     2132.477     6669.551
      12.163        0.000     2140.211     6669.551
      12.184        0.000     2151.555     6669.551
      12.206        0.000     2169.859     6669.551
      12.228        0.000     2169.859     6669.551
      12.252        0.000     2169.859     6669.551
      12.275        0.000     2177.078     6669.551
      12.298        0.000     2187.133     6669.551
      12.321        0.000     2187.133     6669.551
      12.344        0.000     2187.133     6669.551
      12.368        0.000     2187.133     6669.551
      12.392        0.000     2187.133     6669.551
      12.415        0.000     2203.375     6669.551
      12.439        0.000     2203.375     6669.551
      12.462        0.000     2203.375     6669.551
      12.486        0.000     2203.375     6669.551
      12.510        0.000     2203.375     6669.551
      12.533        0.000     2216.781     6669.551
      12.556        0.000     2229.672     6669.551
      12.580        0.000     2229.672     6669.551
      12.603        0.000     2229.672     6669.551
      12.627        0.000     2229.672     6669.551
      12.651        0.000     2229.672     6669.551
      12.675        0.000     2229.672     6669.551
      12.699        0.000     2229.672     6669.551
      12.723        0.000     2229.672     6669.551
      12.747        0.000     2257.000     6669.551
      12.770        0.000     2257.000     6669.551
      12.793        0.000     2257.000     6669.551
      12.817        0.000     2257.000     6669.551
      12.840        0.000     2257.000     6669.551
      12.864        0.000     2257.000     6669.551
      12.885        0.000     2257.000     6669.551
      12.904        0.000     2257.000     6669.551
      12.923        0.000     2257.000     6669.551
      12.942        0.000     2257.000     6669.551
      12.965        0.000     2257.000     6669.551
      12.989        0.000     2257.000     6669.551
      13.013        0.000     2268.859     6669.551
      13.034        0.000     2286.391     6669.551
      13.059        0.000     2286.391     6669.551
      13.085        0.000     2286.391     6669.551
      13.109        0.000     2286.391     6669.551
      13.133        0.000     2286.391     6669.551
      13.157        0.000     2286.391     6669.551
      13.181        0.000     2286.391     6669.551
      13.204        0.000     2286.391     6669.551
      13.228        0.000     2286.391     6669.551
      13.252        0.000     2286.391     6669.551
      13.275        0.000     2315.250     6669.551
      13.299        0.000     2315.461     6669.551
      13.323        0.000     2315.461     6669.551
      13.346        0.000     2315.461     6669.551
      13.369        0.000     2315.461     6669.551
      13.393        0.000     2315.461     6669.551
      13.417        0.000     2315.461     6669.551
      13.441        0.000     2315.461     6669.551
      13.465        0.000     2315.461     6669.551
      13.488        0.000     2315.461     6669.551
      13.512        0.000     2315.461     6669.551
      13.535        0.000     2337.879     6669.551
      13.555        0.000     2374.488     6669.551
      13.574        0.000     2408.520     6669.551
      13.593        0.000     2443.066     6669.551
      13.612        0.000     2461.875     6669.551
      13.636        0.000     2477.859     6669.551
      13.659        0.000     2478.117     6669.551
      13.682        0.000     2478.117     6669.551
      13.705        0.000     2478.117     6669.551
      13.729        0.000     2478.117     6669.551
      13.752        0.000     2478.117     6669.551
      13.775        0.000     2478.117     6669.551
      13.797        0.000     2478.117     6669.551
      13.820        0.000     2478.117     6669.551
      13.844        0.000     2478.117     6669.551
      13.863        0.000     2478.117     6669.551
      13.882        0.000     2479.148     6669.551
      13.901        0.000     2479.148     6669.551
      13.921        0.000     2479.148     6669.551
      13.940        0.000     2479.148     6669.551
      13.959        0.000     2479.148     6669.551
      13.978        0.000     2479.148     6669.551
      13.997        0.000     2479.148     6669.551
      14.021        0.000     2479.148     6669.551
      14.045        0.000     2479.148     6669.551
      14.069        0.000     2483.531     6669.551
      14.092        0.000     2487.141     6669.551
      14.115        0.000     2487.141     6669.551
      14.139        0.000     2487.141     6669.551
      14.163        0.000     2487.141     6669.551
      14.186        0.000     2487.141     6669.551
      14.209        0.000     2487.141     6669.551
      14.233        0.000     2487.141     6669.551
      14.257        0.000     2487.141     6669.551
      14.281        0.000     2487.141     6669.551
      14.305        0.000     2487.141     6669.551
      14.328        0.000     2487.141     6669.551
      14.352        0.000     2487.141     6669.551
      14.375        0.000     2487.141     6669.551
      14.399        0.000     2487.141     6669.551
      14.423        0.000     2487.398     6669.551
      14.447        0.000     2487.398     6669.551
      14.470        0.000     2487.398     6669.551
      14.494        0.000     2487.398     6669.551
      14.518        0.000     2487.398     6669.551
      14.541        0.000     2487.398     6669.551
      14.565        0.000     2487.398     6669.551
      14.588        0.000     2487.398     6669.551
      14.612        0.000     2487.398     6669.551
      14.636        0.000     2487.398     6669.551
      14.660        0.000     2487.398     6669.551
      14.684        0.000     2487.398     6669.551
      14.708        0.000     2487.398     6669.551
      14.732        0.000     2487.398     6669.551
      14.755        0.000     2487.398     6669.551
      14.779        0.000     2487.398     6669.551
      14.803        0.000     2487.398     6669.551
      14.827        0.000     2487.398     6669.551
      14.851        0.000     2487.398     6669.551
      14.875        0.000     2487.656     6669.551
      14.899        0.000     2407.953     6558.094
      14.924        0.000     2407.953     6558.094
      14.951        0.000     2407.953     6558.094
      14.977        0.000     2407.953     6558.094
      15.009        0.000     2407.953     6558.094
      15.037        0.000     2407.953     6558.094
      15.065        0.000     2407.953     6558.094
      15.102        0.000     2407.953     6558.094
      15.131        0.000     2407.953     6558.094
      15.159        0.000     2407.953     6558.094
      15.191        0.000     2407.953     6558.094
      15.219        0.000     2407.953     6558.094
      15.246        0.000     2188.977     6528.531
      15.270        0.000     1610.137     6528.531
      15.292        0.000      998.137     6528.531
      15.313        0.000      664.961     4851.859
      15.339        0.000      665.227     4851.859
      15.362        0.000      591.934     4741.586
      15.380        0.000      591.934     4741.586
      15.399        0.000      591.934     4741.586
      15.417        0.000      591.934     4741.586
      15.436        0.000      591.934     4741.586
      15.454        0.000      591.934     4741.586
      15.472        0.000      591.934     4741.586
      15.491        0.000      591.934     4741.586
      15.510        0.000      591.934     4741.586
      15.528        0.000      591.961     4741.586
      15.548        0.000      592.047     4741.586
      15.569        0.000      592.797     4744.406
      15.589        0.000      593.500     4744.406
      15.609        0.000      594.152     4744.406
      15.633        0.000      595.227     4748.582
      15.658        0.000      596.633     4718.559
      15.677        0.000      593.672     4715.598
      15.696        0.000      593.941     4715.598
      15.716        0.000      593.941     4715.598
      15.736        0.000      593.941     4715.598
      15.766        0.000      593.941     4715.598
      15.795        0.000      593.941     4715.598
      15.816        0.000      593.941     4715.598
      15.836        0.000      593.941     4715.598
      15.856        0.000      593.941     4715.598
      15.884        0.000      593.941     4715.598
      15.911        0.000      593.941     4715.598
      15.941        0.000      593.941     4715.598
      15.960        0.000      593.941     4715.598
      15.978        0.000      593.941     4715.598
      15.996        0.000      593.941     4715.598
      16.014        0.000      593.941     4715.598
      16.032        0.000      593.941     4715.598
      16.050        0.000      593.941     4715.598
      16.069        0.000      593.941     4715.598
      16.087        0.000      593.941     4715.598
      16.116        0.000      593.941     4715.598
      16.140        0.000      593.941     4715.598
      16.159        0.000      593.941     4715.598
      16.178        0.000      593.941     4715.598
      16.198        0.000      593.941     4715.598
      16.218        0.000      593.941     4715.598
      16.237        0.000      593.941     4715.598
      16.257        0.000      593.941     4715.598
      16.277        0.000      593.941     4715.598
      16.296        0.000      593.941     4715.598
      16.316        0.000      593.941     4715.598
      16.336        0.000      593.941     4715.598
      16.356        0.000      593.941     4715.598
      16.384        0.000      593.941     4715.598
      16.412        0.000      593.941     4715.598
      16.440        0.000      593.941     4715.598
      16.460        0.000      593.941     4715.598
      16.488        0.000      593.941     4715.598
      16.508        0.000      593.941     4715.598
      16.537        0.000      593.941     4715.598
      16.559        0.000      593.941     4715.598
      16.579        0.000      593.941     4715.598
      16.599        0.000      593.941     4715.598
      16.618        0.000      593.941     4715.598
      16.637        0.000      593.941     4715.598
      16.655        0.000      593.941     4715.598
      16.688        0.000      594.094     4715.598
      16.715        0.000      594.094     4715.598
      16.735        0.000      594.094     4715.598
      16.756        0.000      594.094     4715.598
      16.776        0.000      594.094     4715.598
      16.797        0.000      594.094     4715.598
      16.828        0.000      594.094     4715.598
      16.848        0.000      594.094     4715.598
      16.877        0.000      594.094     4715.598
      16.897        0.000      594.094     4715.598
      16.916        0.000      594.094     4715.598
      16.947        0.000      594.094     4715.598
      16.975        0.000      594.094     4715.598
      17.004        0.000      594.094     4715.598
      17.031        0.000      594.094     4715.598
      17.060        0.000      594.094     4715.598
      17.080        0.000      594.094     4715.598
      17.109        0.000      594.094     4715.598
      17.137        0.000      594.094     4715.598
      17.157        0.000      594.094     4715.598
      17.175        0.000      594.094     4715.598
      17.193        0.000      594.094     4715.598
      17.211        0.000      594.094     4715.598
      17.242        0.000      594.094     4715.598
      17.264        0.000      594.094     4715.598
      17.285        0.000      594.094     4715.598
      17.314        0.000      594.094     4715.598
      17.334        0.000      594.094     4715.598
      17.353        0.000      594.094     4715.598
      17.372        0.000      594.094     4715.598
      17.403        0.000      594.094     4715.598
      17.431        0.000      594.094     4715.598
      17.460        0.000      594.094     4715.598
      17.480        0.000      594.094     4715.598
      17.498        0.000      594.094     4715.598
      17.516        0.000      594.094     4715.598
      17.534        0.000      594.094     4715.598
      17.553        0.000      594.094     4715.598
      17.585        0.000      594.094     4715.598
      17.608        0.000      594.094     4715.598
      17.638        0.000      594.094     4715.598
      17.666        0.000      594.094     4715.598
      17.686        0.000      594.094     4715.598
      17.705        0.000      594.129     4715.598
      17.736        0.000      594.129     4715.598
      17.755        0.000      594.129     4715.598
      17.786        0.000      594.129     4715.598
      17.805        0.000      594.129     4715.598
      17.823        0.000      594.129     4715.598
      17.843        0.000      594.129     4715.598
      17.863        0.000      594.129     4715.598
      17.881        0.000      594.129     4715.598
      17.899        0.000      594.129     4715.598
      17.918        0.000      594.129     4715.598
      17.936        0.000      594.129     4715.598
      17.954        0.000      594.129     4715.598
      17.972        0.000      594.129     4715.598
      17.991        0.000      594.129     4715.598
      18.009        0.000      594.836     4715.598
      18.027        0.000      595.227     4707.594
      18.046        0.000      528.781     4639.594
      18.065        0.000      525.895     4616.586
      18.084        0.000      525.898     4616.586
      18.103        0.000      525.898     4616.586
      18.121        0.000      525.898     4616.586
      18.139        0.000      525.898     4616.586
      18.157        0.000      521.430     4532.508
      18.176        0.000        0.719        4.402
