# Elapsed time   CPU (%)     Real (MB)   Virtual (MB)
       0.001        0.000        2.305        8.805
       0.022        0.000       20.742      177.031
       0.045        0.000       22.223      177.031
       0.067        0.000       25.102      177.219
       0.089        0.000       30.219      177.469
       0.111        0.000       31.277      177.969
       0.133        0.000       34.340      177.969
       0.155        0.000       39.598      178.062
       0.176        0.000       45.316      188.066
       0.194        0.000       57.957      191.836
       0.213        0.000       58.867      210.633
       0.231        0.000       63.590      211.320
       0.250        0.000       79.199      362.527
       0.268        0.000       79.199      362.527
       0.287        0.000       79.199      362.527
       0.305        0.000       79.199      362.527
       0.324        0.000       79.199      362.527
       0.343        0.000       80.836      362.527
       0.361        0.000       82.105      363.527
       0.383        0.000       85.055      363.527
       0.406        0.000       85.055      363.527
       0.428        0.000       85.832      363.527
       0.451        0.000       85.832      363.527
       0.474        0.000       86.770      363.527
       0.497        0.000       86.770      363.527
       0.519        0.000       86.770      363.527
       0.542        0.000       86.770      363.527
       0.565        0.000       86.770      363.527
       0.587        0.000       87.898      363.527
       0.609        0.000       87.898      363.527
       0.632        0.000       88.910      363.527
       0.654        0.000       88.910      363.527
       0.677        0.000       88.910      363.527
       0.699        0.000       89.605      363.527
       0.717        0.000       89.605      363.527
       0.736        0.000       89.605      363.527
       0.754        0.000       89.605      363.527
       0.773        0.000       89.605      363.527
       0.791        0.000       90.859      363.527
       0.810        0.000       93.680      363.527
       0.829        0.000       93.680      363.527
       0.847        0.000       93.680      363.527
       0.865        0.000       93.680      363.527
       0.884        0.000       94.852      363.527
       0.903        0.000      111.449      527.223
       0.925        0.000      114.902      606.082
       0.947        0.000      116.250      605.930
       0.970        0.000      117.797      605.930
       0.993        0.000      123.301      605.984
       1.015        0.000      126.992      605.984
       1.038        0.000      128.074      605.984
       1.061        0.000      128.754      605.984
       1.079        0.000      128.770      605.984
       1.098        0.000      128.805      605.984
       1.117        0.000      128.961      605.984
       1.135        0.000      129.008      605.984
       1.154        0.000      129.066      605.984
       1.172        0.000      129.188      605.984
       1.191        0.000      129.305      605.984
       1.209        0.000      129.379      605.984
       1.228        0.000      129.430      605.984
       1.246        0.000      129.516      605.984
       1.265        0.000      129.586      605.984
       1.283        0.000      129.586      605.984
       1.302        0.000      129.586      605.984
       1.320        0.000      131.684      609.844
       1.338        0.000      131.684      609.844
       1.357        0.000      131.684      609.844
       1.376        0.000      142.996      634.004
       1.395        0.000      151.184      856.938
       1.416        0.000      156.441      872.945
       1.437        0.000      164.059      872.945
       1.459        0.000      170.137      872.945
       1.482        0.000      175.035      872.945
       1.503        0.000      180.191      872.945
       1.523        0.000      187.391      874.945
       1.546        0.000      192.891      874.945
       1.569        0.000      198.680      874.945
       1.592        0.000      205.137      874.945
       1.615        0.000      209.637      874.945
       1.636        0.000      215.027      874.945
       1.658        0.000      221.707      874.945
       1.681        0.000      224.176      874.945
       1.703        0.000      227.574      874.945
       1.725        0.000      229.590      874.945
       1.747        0.000      233.562      875.402
       1.769        0.000      236.723      876.906
       1.792        0.000      242.207      902.121
       1.815        0.000      247.996     3329.469
       1.836        0.000      253.574     3526.332
       1.859        0.000      254.980     3526.332
       1.882        0.000      255.496     3526.332
       1.906        0.000      256.012     3526.332
       1.929        0.000      257.746     3786.348
       1.952        0.000      259.598     3916.383
       1.972        0.000      261.137     3916.418
       1.994        0.000      264.242     3917.691
       2.014        0.000      265.859     3982.723
       2.033        0.000      267.305     3983.566
       2.057        0.000      270.180     3986.504
       2.078        0.000      270.180     3986.504
       2.096        0.000      277.715     3988.961
       2.120        0.000      278.031     3989.070
       2.137        0.000      278.754     3989.641
       2.157        0.000      285.496     3992.223
       2.181        0.000      285.496     3992.223
       2.199        0.000      287.754     3992.902
       2.223        0.000      291.738     3994.039
       2.247        0.000      292.867     3994.422
       2.267        0.000      299.770     4060.410
       2.289        0.000      302.285     4061.215
       2.312        0.000      305.688     4061.656
       2.336        0.000      311.992     4138.801
       2.359        0.000      330.547     4150.801
       2.385        0.000      347.562     4166.801
       2.408        0.000      363.527     4178.801
       2.431        0.000      379.250     4190.801
       2.454        0.000      394.711     4206.801
       2.472        0.000      399.598     4275.805
       2.493        0.000      401.398     4275.805
       2.513        0.000      404.031     4279.805
       2.532        0.000      404.535     4280.844
       2.555        0.000      405.766     4344.844
       2.580        0.000      406.797     4349.184
       2.601        0.000      410.215     4423.281
       2.628        0.000      412.059     4424.730
       2.648        0.000      416.891     4424.730
       2.671        0.000      421.059     4425.219
       2.694        0.000      422.211     4425.219
       2.713        0.000      423.109     4429.629
       2.731        0.000      423.109     4429.629
       2.750        0.000      423.109     4429.629
       2.768        0.000      424.598     4429.688
       2.788        0.000      426.246     4429.734
       2.807        0.000      434.738     4447.246
       2.829        0.000      438.348     4447.246
       2.851        0.000      435.957     4447.246
       2.873        0.000      437.500     4447.246
       2.895        0.000      437.500     4447.246
       2.917        0.000      440.734     4447.246
       2.935        0.000      442.273     4447.246
       2.954        0.000      442.531     4447.246
       2.972        0.000      444.336     4447.246
       2.991        0.000      445.883     4447.246
       3.009        0.000      447.172     4447.246
       3.028        0.000      448.461     4447.246
       3.046        0.000      449.492     4447.246
       3.065        0.000      450.781     4447.246
       3.083        0.000      452.070     4447.246
       3.102        0.000      453.965     4447.246
       3.121        0.000      454.762     4448.105
       3.144        0.000      456.609     4452.512
       3.168        0.000      456.840     4452.551
       3.192        0.000      456.840     4452.551
       3.215        0.000      458.352     4452.551
       3.238        0.000      458.352     4452.551
       3.256        0.000      458.984     4453.926
       3.275        0.000      458.984     4453.926
       3.294        0.000      461.785     4455.598
       3.312        0.000      462.371     4456.621
       3.331        0.000      462.371     4456.621
       3.350        0.000      464.965     4457.715
       3.369        0.000      465.793     4457.836
       3.388        0.000      473.543     4457.836
       3.409        0.000      475.641     4456.324
       3.430        0.000      475.953     4456.324
       3.453        0.000      476.684     4457.477
       3.475        0.000      476.809     4457.762
       3.497        0.000      477.785     4457.762
       3.520        0.000      478.418     4463.223
       3.543        0.000      478.668     4463.223
       3.564        0.000      481.762     4463.223
       3.582        0.000      481.762     4463.223
       3.601        0.000      481.762     4463.223
       3.619        0.000      481.762     4463.223
       3.637        0.000      481.762     4463.223
       3.655        0.000      481.762     4463.223
       3.674        0.000      481.762     4463.223
       3.692        0.000      481.762     4463.223
       3.710        0.000      481.762     4463.223
       3.729        0.000      482.340     4463.320
       3.748        0.000      483.113     4463.320
       3.766        0.000      483.113     4463.320
       3.784        0.000      483.113     4463.320
       3.803        0.000      483.113     4463.320
       3.821        0.000      483.113     4463.320
       3.839        0.000      483.113     4463.320
       3.858        0.000      483.113     4463.320
       3.876        0.000      483.625     4463.320
       3.895        0.000      483.715     4464.090
       3.914        0.000      513.648     4464.090
       3.932        0.000      517.000     4464.090
       3.950        0.000      519.062     4464.090
       3.970        0.000      519.062     4464.090
       3.988        0.000      519.062     4464.090
       4.006        0.000      519.062     4464.090
       4.025        0.000      519.062     4464.090
       4.043        0.000      519.062     4464.090
       4.061        0.000      519.227     4464.328
       4.080        0.000      523.891     4484.953
       4.099        0.000      534.461     4484.953
       4.118        0.000      534.719     4484.953
       4.137        0.000      535.492     4484.953
       4.155        0.000      536.266     4484.953
       4.174        0.000      537.039     4484.953
       4.194        0.000      537.555     4484.953
       4.213        0.000      538.328     4484.953
       4.231        0.000      528.004     4528.328
       4.250        0.000      536.512     4528.328
       4.269        0.000      523.383     4528.328
       4.288        0.000      538.336     4528.328
       4.307        0.000      545.555     4528.328
       4.326        0.000      549.512     4981.699
       4.345        0.000      549.512     4981.699
       4.364        0.000      549.512     4981.699
       4.382        0.000      549.512     4981.699
       4.401        0.000      549.512     4981.699
       4.420        0.000      550.387     4981.715
       4.438        0.000      550.590     4981.715
       4.456        0.000      559.258     5046.219
       4.498        0.000      567.199     5046.219
       4.542        0.000      573.129     5046.219
       4.564        0.000      579.094     5046.219
       4.583        0.000      585.598     5046.219
       4.602        0.000      596.168     5046.219
       4.621        0.000      599.504     5046.219
       4.640        0.000      603.113     5046.219
       4.659        0.000      608.527     5046.219
       4.679        0.000      617.008     5046.219
       4.698        0.000      621.391     5046.219
       4.717        0.000      627.062     5046.219
       4.736        0.000      631.945     5046.219
       4.756        0.000      638.113     5046.219
       4.775        0.000      645.504     5046.219
       4.794        0.000      646.535     5046.219
       4.814        0.000      649.887     5046.219
       4.833        0.000      656.312     5046.219
       4.852        0.000      656.312     5046.219
       4.871        0.000      656.312     5046.219
       4.891        0.000      662.500     5046.219
       4.910        0.000      662.500     5046.219
       4.930        0.000      664.523     5046.219
       4.949        0.000      673.289     5046.219
       4.968        0.000      677.156     5046.219
       4.988        0.000      681.539     5046.219
       5.007        0.000      685.148     5046.219
       5.026        0.000      690.281     5046.219
       5.045        0.000      697.242     5046.219
       5.064        0.000      705.234     5046.219
       5.084        0.000      711.164     5046.219
       5.104        0.000      716.578     5046.219
       5.122        0.000      725.086     5046.219
       5.142        0.000      729.727     5046.219
       5.161        0.000      734.109     5046.219
       5.180        0.000      737.719     5046.219
       5.200        0.000      742.875     5046.219
       5.219        0.000      747.258     5046.219
       5.238        0.000      753.445     5046.219
       5.258        0.000      762.211     5046.219
       5.277        0.000      769.172     5046.219
       5.296        0.000      773.039     5046.219
       5.316        0.000      775.875     5046.219
       5.335        0.000      778.711     5046.219
       5.354        0.000      786.961     5046.219
       5.374        0.000      786.961     5046.219
       5.393        0.000      794.695     5046.219
       5.412        0.000      798.047     5046.219
       5.432        0.000      803.977     5046.219
       5.451        0.000      815.320     5046.219
       5.471        0.000      815.320     5046.219
       5.490        0.000      834.871     5046.219
       5.510        0.000      837.961     5046.219
       5.529        0.000      837.961     5046.219
       5.549        0.000      838.219     5046.219
       5.568        0.000      838.219     5046.219
       5.587        0.000      838.219     5046.219
       5.606        0.000      838.219     5046.219
       5.625        0.000      846.469     5046.219
       5.645        0.000      846.469     5046.219
       5.664        0.000      846.469     5046.219
       5.683        0.000      846.469     5046.219
       5.703        0.000      861.676     5046.219
       5.722        0.000      861.676     5046.219
       5.741        0.000      861.676     5046.219
       5.760        0.000      861.676     5046.219
       5.780        0.000      861.676     5046.219
       5.799        0.000      861.676     5046.219
       5.818        0.000      884.105     5046.219
       5.838        0.000      913.207     5046.219
       5.857        0.000      921.199     5046.219
       5.877        0.000      921.199     5046.219
       5.896        0.000      921.199     5046.219
       5.915        0.000      921.199     5046.219
       5.935        0.000      921.199     5046.219
       5.955        0.000      921.199     5046.219
       5.974        0.000      921.715     5046.219
       5.994        0.000      921.715     5046.219
       6.013        0.000      923.520     5046.219
       6.032        0.000      923.520     5046.219
       6.052        0.000      923.520     5046.219
       6.071        0.000      923.520     5046.219
       6.091        0.000      923.520     5046.219
       6.110        0.000      923.520     5046.219
       6.130        0.000      923.520     5046.219
       6.149        0.000      923.520     5046.219
       6.168        0.000      923.520     5046.219
       6.187        0.000      923.520     5046.219
       6.206        0.000      923.777     5046.219
       6.226        0.000      923.777     5046.219
       6.246        0.000      900.246     5017.828
       6.266        0.000      900.246     5017.828
       6.287        0.000      900.246     5017.828
       6.308        0.000      597.305     5017.828
       6.327        0.000      568.316     4677.586
       6.347        0.000      568.316     4677.586
       6.365        0.000      568.316     4677.586
       6.383        0.000      568.316     4677.586
       6.401        0.000      568.316     4677.586
       6.420        0.000      568.316     4677.586
       6.439        0.000      568.316     4677.586
       6.457        0.000      568.316     4677.586
       6.476        0.000      568.316     4677.586
       6.494        0.000      568.316     4677.586
       6.513        0.000      568.918     4677.586
       6.533        0.000      569.594     4680.406
       6.556        0.000      570.316     4680.406
       6.580        0.000      570.738     4680.406
       6.604        0.000      571.469     4684.582
       6.627        0.000      573.070     4654.559
       6.650        0.000      570.109     4651.598
       6.672        0.000      570.395     4651.598
       6.692        0.000      570.395     4651.598
       6.710        0.000      570.395     4651.598
       6.729        0.000      570.395     4651.598
       6.758        0.000      570.395     4651.598
       6.779        0.000      570.395     4651.598
       6.798        0.000      570.395     4651.598
       6.818        0.000      570.395     4651.598
       6.838        0.000      570.395     4651.598
       6.857        0.000      570.395     4651.598
       6.877        0.000      570.395     4651.598
       6.897        0.000      570.395     4651.598
       6.916        0.000      570.395     4651.598
       6.945        0.000      570.395     4651.598
       6.969        0.000      570.395     4651.598
       6.995        0.000      570.395     4651.598
       7.016        0.000      570.395     4651.598
       7.036        0.000      570.395     4651.598
       7.063        0.000      570.395     4651.598
       7.084        0.000      570.395     4651.598
       7.104        0.000      570.395     4651.598
       7.133        0.000      570.395     4651.598
       7.161        0.000      570.395     4651.598
       7.188        0.000      570.395     4651.598
       7.216        0.000      570.395     4651.598
       7.236        0.000      570.395     4651.598
       7.254        0.000      570.395     4651.598
       7.273        0.000      570.395     4651.598
       7.291        0.000      570.395     4651.598
       7.322        0.000      570.395     4651.598
       7.350        0.000      570.395     4651.598
       7.370        0.000      570.395     4651.598
       7.389        0.000      570.395     4651.598
       7.408        0.000      570.395     4651.598
       7.426        0.000      570.395     4651.598
       7.455        0.000      570.395     4651.598
       7.482        0.000      570.395     4651.598
       7.502        0.000      570.395     4651.598
       7.522        0.000      570.395     4651.598
       7.552        0.000      570.395     4651.598
       7.580        0.000      570.395     4651.598
       7.600        0.000      570.395     4651.598
       7.619        0.000      570.395     4651.598
       7.637        0.000      570.395     4651.598
       7.669        0.000      570.543     4651.598
       7.691        0.000      570.543     4651.598
       7.719        0.000      570.543     4651.598
       7.738        0.000      570.543     4651.598
       7.756        0.000      570.543     4651.598
       7.775        0.000      570.543     4651.598
       7.794        0.000      570.543     4651.598
       7.823        0.000      570.543     4651.598
       7.845        0.000      570.543     4651.598
       7.865        0.000      570.543     4651.598
       7.895        0.000      570.543     4651.598
       7.916        0.000      570.543     4651.598
       7.934        0.000      570.543     4651.598
       7.965        0.000      570.543     4651.598
       7.993        0.000      570.543     4651.598
       8.023        0.000      570.543     4651.598
       8.043        0.000      570.543     4651.598
       8.062        0.000      570.543     4651.598
       8.091        0.000      570.543     4651.598
       8.112        0.000      570.543     4651.598
       8.141        0.000      570.543     4651.598
       8.161        0.000      570.543     4651.598
       8.179        0.000      570.543     4651.598
       8.198        0.000      570.543     4651.598
       8.216        0.000      570.543     4651.598
       8.234        0.000      570.543     4651.598
       8.265        0.000      570.543     4651.598
       8.285        0.000      570.543     4651.598
       8.316        0.000      570.543     4651.598
       8.336        0.000      570.543     4651.598
       8.354        0.000      570.543     4651.598
       8.373        0.000      570.543     4651.598
       8.391        0.000      570.543     4651.598
       8.410        0.000      570.543     4651.598
       8.428        0.000      570.543     4651.598
       8.447        0.000      570.543     4651.598
       8.465        0.000      570.543     4651.598
       8.483        0.000      570.543     4651.598
       8.502        0.000      570.543     4651.598
       8.520        0.000      570.543     4651.598
       8.538        0.000      570.543     4651.598
       8.556        0.000      570.543     4651.598
       8.574        0.000      570.543     4651.598
       8.593        0.000      570.543     4651.598
       8.611        0.000      570.543     4651.598
       8.629        0.000      570.543     4651.598
       8.647        0.000      570.543     4651.598
       8.666        0.000      570.562     4651.598
       8.684        0.000      570.562     4651.598
       8.702        0.000      570.562     4651.598
       8.721        0.000      570.562     4651.598
       8.739        0.000      570.562     4651.598
       8.757        0.000      570.562     4651.598
       8.775        0.000      570.562     4651.598
       8.794        0.000      570.562     4651.598
       8.812        0.000      570.562     4651.598
       8.830        0.000      570.562     4651.598
       8.848        0.000      570.562     4651.598
       8.867        0.000      570.562     4651.598
       8.885        0.000      570.562     4651.598
       8.903        0.000      570.562     4651.598
       8.922        0.000      570.562     4651.598
       8.940        0.000      570.562     4651.598
       8.958        0.000      570.562     4651.598
       8.991        0.000      571.230     4651.598
       9.012        0.000      571.617     4643.594
       9.031        0.000      504.238     4554.586
       9.050        0.000      504.238     4554.586
       9.068        0.000      504.242     4554.586
       9.087        0.000      504.242     4554.586
       9.106        0.000      504.242     4554.586
       9.124        0.000      504.242     4554.586
       9.142        0.000        0.688        4.402
       9.162        0.000        0.688        4.402
