# Elapsed time   CPU (%)     Real (MB)   Virtual (MB)
       0.001        0.000        2.352        8.805
       0.020        0.000       20.363      177.031
       0.043        0.000       22.492      177.031
       0.066        0.000       25.609      177.219
       0.088        0.000       30.930      177.469
       0.110        0.000       31.930      177.969
       0.132        0.000       34.531      177.969
       0.154        0.000       39.750      178.062
       0.174        0.000       45.121      188.195
       0.196        0.000       58.633      210.633
       0.218        0.000       58.633      210.633
       0.241        0.000       67.504      289.094
       0.263        0.000       78.664      362.527
       0.286        0.000       78.664      362.527
       0.309        0.000       78.664      362.527
       0.332        0.000       78.664      362.527
       0.355        0.000       79.684      362.527
       0.377        0.000       81.254      363.527
       0.400        0.000       81.426      363.527
       0.422        0.000       84.551      363.527
       0.445        0.000       84.551      363.527
       0.468        0.000       85.355      363.527
       0.491        0.000       85.355      363.527
       0.513        0.000       86.160      363.527
       0.536        0.000       86.160      363.527
       0.559        0.000       86.160      363.527
       0.582        0.000       86.160      363.527
       0.604        0.000       87.371      363.527
       0.626        0.000       87.371      363.527
       0.649        0.000       88.371      363.527
       0.672        0.000       88.371      363.527
       0.695        0.000       88.371      363.527
       0.717        0.000       89.082      363.527
       0.740        0.000       89.082      363.527
       0.763        0.000       89.082      363.527
       0.785        0.000       89.082      363.527
       0.808        0.000       89.082      363.527
       0.831        0.000       90.156      363.527
       0.854        0.000       93.148      363.527
       0.877        0.000       93.148      363.527
       0.900        0.000       93.148      363.527
       0.922        0.000       93.148      363.527
       0.945        0.000      103.961      367.891
       0.967        0.000      111.723      527.223
       0.989        0.000      115.758      605.930
       1.008        0.000      116.270      605.930
       1.031        0.000      117.816      605.930
       1.053        0.000      123.941      605.984
       1.075        0.000      126.723      605.984
       1.098        0.000      127.879      605.984
       1.121        0.000      128.504      605.984
       1.140        0.000      128.516      605.984
       1.158        0.000      128.551      605.984
       1.177        0.000      128.707      605.984
       1.196        0.000      128.758      605.984
       1.214        0.000      128.816      605.984
       1.233        0.000      128.941      605.984
       1.251        0.000      129.047      605.984
       1.270        0.000      129.121      605.984
       1.289        0.000      129.172      605.984
       1.307        0.000      129.223      605.984
       1.326        0.000      129.297      605.984
       1.345        0.000      129.230      605.984
       1.363        0.000      129.230      605.984
       1.382        0.000      131.293      609.844
       1.400        0.000      131.293      609.844
       1.419        0.000      132.785      609.844
       1.438        0.000      144.828      640.199
       1.457        0.000      152.125      856.938
       1.479        0.000      156.195      872.945
       1.500        0.000      162.246      872.945
       1.521        0.000      167.895      872.945
       1.544        0.000      172.789      872.945
       1.565        0.000      179.234      872.945
       1.588        0.000      186.559      874.945
       1.611        0.000      190.027      874.945
       1.630        0.000      194.387      874.945
       1.651        0.000      199.812      874.945
       1.674        0.000      204.113      874.945
       1.696        0.000      211.367      874.945
       1.720        0.000      218.047      874.945
       1.743        0.000      222.645      874.945
       1.763        0.000      225.410      874.945
       1.782        0.000      228.492      874.945
       1.800        0.000      231.199      874.945
       1.819        0.000      234.363      876.402
       1.837        0.000      237.699      876.906
       1.855        0.000      244.418      991.137
       1.874        0.000      251.855     3331.320
       1.893        0.000      254.023     3526.332
       1.911        0.000      255.430     3526.332
       1.930        0.000      255.945     3526.332
       1.949        0.000      256.461     3526.332
       1.967        0.000      256.984     3786.348
       1.986        0.000      259.844     3916.383
       2.008        0.000      262.406     3916.418
       2.030        0.000      263.273     3917.691
       2.049        0.000      266.746     3982.723
       2.069        0.000      268.016     3982.738
       2.094        0.000      271.660     3986.504
       2.116        0.000      271.660     3986.504
       2.134        0.000      275.352     3987.469
       2.155        0.000      278.469     3989.070
       2.175        0.000      278.469     3989.070
       2.193        0.000      279.637     3989.496
       2.213        0.000      285.586     3991.855
       2.233        0.000      286.496     3992.223
       2.251        0.000      288.750     3993.023
       2.273        0.000      292.715     3994.039
       2.293        0.000      292.715     3994.039
       2.312        0.000      299.348     4059.594
       2.332        0.000      302.812     4061.215
       2.353        0.000      304.133     4061.215
       2.375        0.000      308.379     4062.797
       2.398        0.000      321.758     4146.801
       2.421        0.000      337.996     4158.801
       2.444        0.000      354.996     4170.801
       2.466        0.000      368.652     4182.801
       2.489        0.000      383.090     4194.801
       2.512        0.000      395.715     4206.801
       2.530        0.000      399.570     4275.805
       2.554        0.000      402.141     4275.805
       2.574        0.000      404.516     4279.805
       2.594        0.000      404.844     4344.844
       2.616        0.000      406.230     4344.844
       2.639        0.000      408.871     4422.125
       2.663        0.000      411.234     4423.844
       2.686        0.000      413.289     4424.730
       2.706        0.000      419.434     4424.730
       2.729        0.000      420.895     4425.219
       2.751        0.000      421.930     4425.422
       2.773        0.000      422.473     4429.629
       2.796        0.000      422.473     4429.629
       2.819        0.000      423.969     4429.688
       2.842        0.000      423.969     4429.688
       2.865        0.000      430.547     4431.246
       2.887        0.000      435.438     4447.246
       2.909        0.000      435.293     4447.246
       2.931        0.000      435.293     4447.246
       2.953        0.000      436.836     4447.246
       2.975        0.000      438.328     4447.246
       2.994        0.000      441.648     4447.246
       3.012        0.000      442.418     4447.246
       3.031        0.000      442.676     4447.246
       3.049        0.000      444.480     4447.246
       3.068        0.000      445.770     4447.246
       3.086        0.000      447.316     4447.246
       3.105        0.000      448.090     4447.246
       3.123        0.000      449.379     4447.246
       3.142        0.000      450.668     4447.246
       3.160        0.000      452.215     4447.246
       3.179        0.000      453.750     4447.699
       3.202        0.000      454.449     4448.297
       3.226        0.000      455.941     4452.551
       3.250        0.000      455.941     4452.551
       3.273        0.000      455.941     4452.551
       3.292        0.000      457.441     4452.551
       3.311        0.000      457.441     4452.551
       3.329        0.000      458.168     4453.926
       3.348        0.000      459.547     4455.273
       3.368        0.000      460.805     4455.598
       3.386        0.000      461.391     4456.621
       3.405        0.000      461.391     4456.621
       3.425        0.000      464.059     4457.715
       3.443        0.000      466.406     4457.836
       3.462        0.000      474.398     4457.836
       3.484        0.000      474.949     4456.324
       3.504        0.000      475.773     4457.324
       3.523        0.000      475.887     4457.477
       3.542        0.000      476.953     4457.762
       3.560        0.000      477.555     4463.223
       3.579        0.000      477.555     4463.223
       3.598        0.000      479.426     4463.223
       3.617        0.000      480.809     4463.223
       3.636        0.000      480.809     4463.223
       3.654        0.000      480.809     4463.223
       3.673        0.000      480.809     4463.223
       3.691        0.000      480.809     4463.223
       3.710        0.000      480.809     4463.223
       3.728        0.000      480.809     4463.223
       3.746        0.000      480.809     4463.223
       3.765        0.000      480.809     4463.223
       3.783        0.000      480.809     4463.223
       3.801        0.000      480.809     4463.223
       3.820        0.000      480.809     4463.223
       3.838        0.000      481.062     4463.223
       3.857        0.000      481.512     4463.223
       3.876        0.000      482.031     4463.320
       3.895        0.000      482.031     4463.320
       3.913        0.000      482.031     4463.320
       3.931        0.000      482.031     4463.320
       3.950        0.000      482.031     4463.320
       3.968        0.000      482.031     4463.320
       3.987        0.000      482.031     4463.320
       4.005        0.000      482.031     4463.320
       4.023        0.000      482.031     4463.320
       4.042        0.000      482.031     4463.320
       4.060        0.000      482.031     4463.320
       4.078        0.000      482.031     4463.320
       4.097        0.000      482.914     4464.090
       4.116        0.000      500.730     4464.090
       4.134        0.000      532.441     4528.090
       4.153        0.000      536.566     4528.090
       4.172        0.000      540.949     4528.090
       4.191        0.000      530.629     4464.090
       4.210        0.000      530.629     4464.090
       4.228        0.000      530.629     4464.090
       4.246        0.000      530.629     4464.090
       4.265        0.000      530.629     4464.090
       4.283        0.000      530.629     4464.090
       4.302        0.000      530.629     4464.090
       4.320        0.000      530.629     4464.090
       4.339        0.000      530.629     4464.090
       4.357        0.000      532.539     4528.137
       4.376        0.000      535.848     4528.328
       4.395        0.000      542.406     4563.168
       4.413        0.000      567.930     4563.168
       4.433        0.000      568.445     4563.168
       4.452        0.000      568.961     4563.168
       4.470        0.000      569.477     4563.168
       4.490        0.000      570.508     4563.168
       4.508        0.000      571.281     4563.168
       4.527        0.000      572.055     4563.168
       4.546        0.000      572.828     4563.168
       4.565        0.000      573.344     4563.168
       4.585        0.000      545.465     4528.328
       4.604        0.000      557.320     4528.328
       4.623        0.000      571.758     4528.328
       4.642        0.000      571.758     4528.328
       4.661        0.000      571.758     4528.328
       4.680        0.000      571.758     4528.328
       4.699        0.000      579.492     4592.328
       4.719        0.000      591.352     4592.328
       4.738        0.000      594.004     5400.320
       4.757        0.000      594.004     5400.320
       4.775        0.000      594.004     5400.320
       4.794        0.000      594.004     5400.320
       4.813        0.000      594.004     5400.320
       4.831        0.000      594.824     5400.336
       4.850        0.000      595.109     5400.336
       4.868        0.000      608.992     5464.840
       4.891        0.000      623.113     5464.840
       4.915        0.000      630.945     5464.840
       4.939        0.000      640.484     5464.840
       4.962        0.000      655.695     5464.840
       4.986        0.000      658.285     5464.840
       5.010        0.000      668.348     5464.840
       5.033        0.000      679.691     5464.840
       5.057        0.000      690.520     5464.840
       5.081        0.000      701.570     5464.840
       5.105        0.000      709.562     5464.840
       5.129        0.000      711.625     5464.840
       5.153        0.000      727.352     5464.840
       5.176        0.000      727.352     5464.840
       5.200        0.000      735.086     5464.840
       5.223        0.000      736.375     5464.840
       5.247        0.000      757.254     5464.840
       5.271        0.000      757.254     5464.840
       5.295        0.000      757.254     5464.840
       5.318        0.000      759.816     5464.840
       5.342        0.000      795.379     5464.840
       5.366        0.000      800.793     5464.840
       5.389        0.000      800.793     5464.840
       5.412        0.000      800.793     5464.840
       5.436        0.000      801.824     5464.840
       5.459        0.000      802.855     5464.840
       5.483        0.000      802.855     5464.840
       5.507        0.000      802.855     5464.840
       5.531        0.000      802.855     5464.840
       5.555        0.000      802.855     5464.840
       5.578        0.000      817.809     5464.840
       5.602        0.000      817.809     5464.840
       5.625        0.000      817.809     5464.840
       5.649        0.000      817.809     5464.840
       5.673        0.000      817.809     5464.840
       5.697        0.000      817.809     5464.840
       5.720        0.000      829.152     5464.840
       5.744        0.000      841.270     5464.840
       5.768        0.000      852.613     5464.840
       5.791        0.000      856.996     5464.840
       5.815        0.000      863.957     5464.840
       5.840        0.000      870.402     5464.840
       5.863        0.000      882.262     5464.840
       5.887        0.000      891.027     5464.840
       5.911        0.000      900.305     5464.840
       5.935        0.000      913.453     5464.840
       5.958        0.000      920.414     5464.840
       5.982        0.000      920.414     5464.840
       6.006        0.000      928.406     5464.840
       6.029        0.000      933.047     5464.840
       6.053        0.000      946.969     5464.840
       6.077        0.000      951.867     5464.840
       6.100        0.000      962.180     5464.840
       6.124        0.000      973.266     5464.840
       6.147        0.000      989.508     5464.840
       6.170        0.000      989.508     5464.840
       6.194        0.000      989.508     5464.840
       6.218        0.000      989.508     5464.840
       6.242        0.000      997.758     5464.840
       6.265        0.000     1007.812     5464.840
       6.289        0.000     1018.125     5464.840
       6.313        0.000     1026.117     5464.840
       6.336        0.000     1040.812     5464.840
       6.360        0.000     1043.133     5464.840
       6.384        0.000     1047.000     5464.840
       6.407        0.000     1058.859     5464.840
       6.431        0.000     1067.625     5464.840
       6.455        0.000     1079.484     5464.840
       6.478        0.000     1086.961     5464.840
       6.502        0.000     1086.961     5464.840
       6.526        0.000     1092.625     5464.840
       6.550        0.000     1099.328     5464.840
       6.573        0.000     1108.867     5464.840
       6.597        0.000     1114.797     5464.840
       6.620        0.000     1114.797     5464.840
       6.644        0.000     1114.797     5464.840
       6.668        0.000     1114.797     5464.840
       6.691        0.000     1130.523     5464.840
       6.715        0.000     1130.523     5464.840
       6.738        0.000     1130.523     5464.840
       6.762        0.000     1130.523     5464.840
       6.786        0.000     1153.984     5464.840
       6.810        0.000     1153.984     5464.840
       6.833        0.000     1153.984     5464.840
       6.857        0.000     1153.984     5464.840
       6.880        0.000     1153.984     5464.840
       6.904        0.000     1153.984     5464.840
       6.928        0.000     1156.305     5464.840
       6.951        0.000     1183.367     5464.840
       6.975        0.000     1183.367     5464.840
       6.999        0.000     1183.367     5464.840
       7.022        0.000     1183.367     5464.840
       7.046        0.000     1183.625     5464.840
       7.070        0.000     1183.625     5464.840
       7.094        0.000     1183.625     5464.840
       7.117        0.000     1183.625     5464.840
       7.141        0.000     1183.625     5464.840
       7.165        0.000     1183.625     5464.840
       7.189        0.000     1183.625     5464.840
       7.213        0.000     1195.742     5464.840
       7.237        0.000     1195.742     5464.840
       7.260        0.000     1195.742     5464.840
       7.284        0.000     1195.742     5464.840
       7.308        0.000     1206.312     5464.840
       7.330        0.000     1223.328     5464.840
       7.354        0.000     1223.328     5464.840
       7.378        0.000     1223.328     5464.840
       7.401        0.000     1223.328     5464.840
       7.425        0.000     1223.328     5464.840
       7.449        0.000     1223.328     5464.840
       7.472        0.000     1223.328     5464.840
       7.496        0.000     1223.328     5464.840
       7.520        0.000     1223.328     5464.840
       7.543        0.000     1247.047     5464.840
       7.565        0.000     1297.836     5464.840
       7.584        0.000     1319.480     5464.840
       7.608        0.000     1319.480     5464.840
       7.631        0.000     1319.480     5464.840
       7.655        0.000     1319.480     5464.840
       7.678        0.000     1319.480     5464.840
       7.702        0.000     1319.480     5464.840
       7.727        0.000     1319.480     5464.840
       7.750        0.000     1319.480     5464.840
       7.775        0.000     1319.480     5464.840
       7.799        0.000     1321.027     5464.840
       7.822        0.000     1323.090     5464.840
       7.846        0.000     1323.090     5464.840
       7.869        0.000     1323.090     5464.840
       7.893        0.000     1323.348     5464.840
       7.913        0.000     1323.348     5464.840
       7.932        0.000     1323.348     5464.840
       7.951        0.000     1323.348     5464.840
       7.970        0.000     1323.348     5464.840
       7.990        0.000     1323.348     5464.840
       8.009        0.000     1323.348     5464.840
       8.028        0.000     1323.348     5464.840
       8.049        0.000     1323.348     5464.840
       8.069        0.000     1323.348     5464.840
       8.088        0.000     1323.348     5464.840
       8.107        0.000     1323.348     5464.840
       8.126        0.000     1323.348     5464.840
       8.145        0.000     1323.348     5464.840
       8.165        0.000     1323.348     5464.840
       8.184        0.000     1323.348     5464.840
       8.204        0.000     1323.348     5464.840
       8.223        0.000     1323.348     5464.840
       8.243        0.000     1323.348     5464.840
       8.262        0.000     1323.348     5464.840
       8.281        0.000     1323.348     5464.840
       8.301        0.000     1323.348     5464.840
       8.321        0.000     1323.348     5464.840
       8.341        0.000     1287.410     5420.340
       8.362        0.000     1287.410     5420.340
       8.382        0.000     1287.410     5420.340
       8.405        0.000     1287.410     5420.340
       8.427        0.000     1287.410     5420.340
       8.449        0.000     1022.539     5420.340
       8.468        0.000      612.719     4741.586
       8.488        0.000      626.898     4741.586
       8.507        0.000      626.898     4741.586
       8.526        0.000      626.898     4741.586
       8.544        0.000      626.898     4741.586
       8.563        0.000      626.898     4741.586
       8.581        0.000      626.898     4741.586
       8.600        0.000      626.898     4741.586
       8.618        0.000      626.898     4741.586
       8.637        0.000      626.898     4741.586
       8.655        0.000      626.938     4741.586
       8.675        0.000      627.867     4741.586
       8.701        0.000      628.578     4744.406
       8.721        0.000      629.172     4744.406
       8.748        0.000      629.902     4746.434
       8.772        0.000      632.223     4718.559
       8.793        0.000      631.262     4717.598
       8.812        0.000      629.535     4715.598
       8.836        0.000      629.535     4715.598
       8.855        0.000      629.535     4715.598
       8.873        0.000      629.535     4715.598
       8.892        0.000      629.535     4715.598
       8.910        0.000      629.535     4715.598
       8.928        0.000      629.535     4715.598
       8.960        0.000      629.535     4715.598
       8.989        0.000      629.535     4715.598
       9.016        0.000      629.535     4715.598
       9.043        0.000      629.535     4715.598
       9.063        0.000      629.535     4715.598
       9.090        0.000      629.535     4715.598
       9.117        0.000      629.535     4715.598
       9.137        0.000      629.535     4715.598
       9.157        0.000      629.535     4715.598
       9.186        0.000      629.535     4715.598
       9.206        0.000      629.535     4715.598
       9.225        0.000      629.535     4715.598
       9.253        0.000      629.535     4715.598
       9.281        0.000      629.535     4715.598
       9.308        0.000      629.535     4715.598
       9.327        0.000      629.535     4715.598
       9.346        0.000      629.535     4715.598
       9.375        0.000      629.535     4715.598
       9.401        0.000      629.535     4715.598
       9.428        0.000      629.535     4715.598
       9.455        0.000      629.535     4715.598
       9.483        0.000      629.535     4715.598
       9.503        0.000      629.535     4715.598
       9.521        0.000      629.535     4715.598
       9.551        0.000      629.535     4715.598
       9.571        0.000      629.535     4715.598
       9.590        0.000      629.535     4715.598
       9.609        0.000      629.535     4715.598
       9.628        0.000      629.535     4715.598
       9.647        0.000      629.535     4715.598
       9.666        0.000      629.535     4715.598
       9.697        0.000      629.535     4715.598
       9.717        0.000      629.535     4715.598
       9.735        0.000      629.535     4715.598
       9.754        0.000      629.535     4715.598
       9.772        0.000      629.535     4715.598
       9.790        0.000      629.535     4715.598
       9.809        0.000      629.535     4715.598
       9.827        0.000      629.703     4715.598
       9.846        0.000      629.703     4715.598
       9.879        0.000      629.703     4715.598
       9.906        0.000      629.703     4715.598
       9.926        0.000      629.703     4715.598
       9.945        0.000      629.703     4715.598
       9.975        0.000      629.703     4715.598
      10.004        0.000      629.703     4715.598
      10.024        0.000      629.703     4715.598
      10.043        0.000      629.703     4715.598
      10.062        0.000      629.703     4715.598
      10.094        0.000      629.703     4715.598
      10.112        0.000      629.703     4715.598
      10.131        0.000      629.703     4715.598
      10.149        0.000      629.703     4715.598
      10.167        0.000      629.703     4715.598
      10.186        0.000      629.703     4715.598
      10.204        0.000      629.703     4715.598
      10.222        0.000      629.703     4715.598
      10.241        0.000      629.703     4715.598
      10.273        0.000      629.703     4715.598
      10.296        0.000      629.703     4715.598
      10.316        0.000      629.703     4715.598
      10.346        0.000      629.703     4715.598
      10.366        0.000      629.703     4715.598
      10.385        0.000      629.703     4715.598
      10.404        0.000      629.703     4715.598
      10.422        0.000      629.703     4715.598
      10.440        0.000      629.703     4715.598
      10.459        0.000      629.703     4715.598
      10.477        0.000      629.703     4715.598
      10.495        0.000      629.703     4715.598
      10.514        0.000      629.703     4715.598
      10.532        0.000      629.703     4715.598
      10.550        0.000      629.703     4715.598
      10.569        0.000      629.703     4715.598
      10.587        0.000      629.703     4715.598
      10.605        0.000      629.703     4715.598
      10.624        0.000      629.703     4715.598
      10.642        0.000      629.703     4715.598
      10.674        0.000      629.703     4715.598
      10.697        0.000      629.703     4715.598
      10.716        0.000      629.703     4715.598
      10.748        0.000      629.703     4715.598
      10.775        0.000      629.703     4715.598
      10.804        0.000      629.703     4715.598
      10.834        0.000      629.727     4715.598
      10.852        0.000      629.727     4715.598
      10.870        0.000      629.727     4715.598
      10.889        0.000      629.727     4715.598
      10.907        0.000      629.727     4715.598
      10.926        0.000      629.727     4715.598
      10.944        0.000      629.727     4715.598
      10.962        0.000      629.727     4715.598
      10.981        0.000      629.727     4715.598
      11.012        0.000      629.727     4715.598
      11.043        0.000      629.727     4715.598
      11.063        0.000      629.727     4715.598
      11.082        0.000      629.727     4715.598
      11.100        0.000      629.727     4715.598
      11.118        0.000      629.727     4715.598
      11.136        0.000      630.367     4715.598
      11.155        0.000      630.801     4707.594
      11.174        0.000      567.289     4634.590
      11.193        0.000      564.410     4619.586
      11.212        0.000      564.414     4619.586
      11.231        0.000      564.414     4619.586
      11.249        0.000      564.414     4619.586
      11.268        0.000      564.414     4619.586
      11.286        0.000        0.691        4.402
      11.306        0.000        0.691        4.402
