# Elapsed time   CPU (%)     Real (MB)   Virtual (MB)
       0.001        0.000        2.312        8.805
       0.022        0.000        5.059      128.828
       0.062        0.000        9.152      170.066
       0.087        0.000       14.504      176.977
       0.112        0.000       17.492      177.031
       0.138        0.000       19.293      177.031
       0.164        0.000       20.457      177.031
       0.189        0.000       21.219      177.031
       0.215        0.000       24.016      177.219
       0.235        0.000       25.355      177.219
       0.254        0.000       29.773      177.469
       0.273        0.000       30.852      177.969
       0.291        0.000       31.953      177.969
       0.310        0.000       34.879      177.969
       0.329        0.000       38.527      178.062
       0.347        0.000       41.621      187.941
       0.365        0.000       46.039      188.195
       0.384        0.000       51.398      188.324
       0.402        0.000       55.406      191.668
       0.421        0.000       56.453      210.633
       0.439        0.000       57.707      210.633
       0.458        0.000       60.379      210.891
       0.476        0.000       64.047      235.141
       0.495        0.000       66.977      295.375
       0.513        0.000       69.414      331.004
       0.532        0.000       72.805      362.527
       0.550        0.000       74.531      362.527
       0.568        0.000       76.469      362.527
       0.587        0.000       76.469      362.527
       0.605        0.000       76.469      362.527
       0.624        0.000       76.469      362.527
       0.643        0.000       77.840      362.527
       0.670        0.000       78.805      363.527
       0.689        0.000       79.137      363.527
       0.707        0.000       82.453      363.527
       0.726        0.000       82.453      363.527
       0.745        0.000       82.453      363.527
       0.764        0.000       82.453      363.527
       0.790        0.000       83.395      363.527
       0.809        0.000       84.172      363.527
       0.829        0.000       84.172      363.527
       0.852        0.000       84.172      363.527
       0.874        0.000       84.172      363.527
       0.893        0.000       85.281      363.527
       0.911        0.000       85.281      363.527
       0.930        0.000       85.281      363.527
       0.948        0.000       86.418      363.527
       0.967        0.000       86.418      363.527
       0.985        0.000       87.137      363.527
       1.004        0.000       87.137      363.527
       1.023        0.000       87.137      363.527
       1.041        0.000       87.137      363.527
       1.060        0.000       87.137      363.527
       1.078        0.000       88.164      363.527
       1.097        0.000       88.164      363.527
       1.115        0.000       91.523      363.527
       1.134        0.000       91.523      363.527
       1.153        0.000       91.523      363.527
       1.172        0.000       91.523      363.527
       1.190        0.000       92.551      363.527
       1.209        0.000       96.641      367.633
       1.228        0.000      104.387      368.020
       1.246        0.000      108.375      527.223
       1.265        0.000      110.105      605.930
       1.285        0.000      112.086      605.930
       1.307        0.000      112.344      605.930
       1.326        0.000      112.602      605.930
       1.346        0.000      114.211      605.930
       1.365        0.000      116.969      605.984
       1.385        0.000      117.777      605.984
       1.404        0.000      119.113      605.984
       1.422        0.000      119.867      605.984
       1.442        0.000      120.730      605.984
       1.463        0.000      121.008      605.984
       1.482        0.000      121.820      605.984
       1.502        0.000      121.980      605.984
       1.521        0.000      122.270      605.984
       1.540        0.000      122.590      605.984
       1.558        0.000      122.988      605.984
       1.578        0.000      125.445      605.984
       1.599        0.000      125.523      605.984
       1.619        0.000      125.574      605.984
       1.637        0.000      125.715      605.984
       1.656        0.000      126.043      605.984
       1.675        0.000      126.301      605.984
       1.695        0.000      126.559      605.984
       1.715        0.000      127.289      606.773
       1.735        0.000      129.105      609.844
       1.755        0.000      129.188      609.844
       1.774        0.000      132.715      609.844
       1.792        0.000      135.320      626.000
       1.811        0.000      142.559      640.199
       1.829        0.000      147.051      856.938
       1.849        0.000      154.770      864.941
       1.871        0.000      161.902      872.945
       1.895        0.000      167.445      872.945
       1.917        0.000      173.891      872.945
       1.940        0.000      180.594      872.945
       1.963        0.000      187.828      872.945
       1.985        0.000      193.738      874.945
       2.007        0.000      198.824      874.945
       2.030        0.000      203.926      874.945
       2.052        0.000      209.000      874.945
       2.074        0.000      214.074      874.945
       2.094        0.000      218.453      874.945
       2.114        0.000      220.527      874.945
       2.132        0.000      223.234      874.945
       2.151        0.000      225.508      874.945
       2.169        0.000      228.598      874.945
       2.188        0.000      232.191      876.402
       2.206        0.000      235.051      876.906
       2.224        0.000      237.129      878.113
       2.244        0.000      237.129      878.113
       2.262        0.000      242.020      995.375
       2.283        0.000      248.332     3331.320
       2.304        0.000      249.164     3331.320
       2.325        0.000      250.488     3526.332
       2.346        0.000      251.574     3526.332
       2.367        0.000      252.148     3526.332
       2.385        0.000      252.664     3526.332
       2.404        0.000      253.180     3526.332
       2.422        0.000      255.016     3786.348
       2.441        0.000      256.266     3916.383
       2.461        0.000      256.797     3916.383
       2.480        0.000      258.781     3916.418
       2.502        0.000      261.664     3916.418
       2.521        0.000      262.258     3917.691
       2.539        0.000      263.594     3982.723
       2.558        0.000      264.582     3982.738
       2.581        0.000      266.410     3984.266
       2.602        0.000      267.867     3985.105
       2.622        0.000      268.816     3986.504
       2.641        0.000      268.816     3986.609
       2.661        0.000      271.934     3987.277
       2.682        0.000      273.641     3988.258
       2.701        0.000      274.809     3988.684
       2.721        0.000      275.277     3989.070
       2.740        0.000      275.930     3989.215
       2.759        0.000      277.328     3989.883
       2.792        0.000      278.383     3990.227
       2.812        0.000      279.582     3990.875
       2.832        0.000      280.918     3991.293
       2.852        0.000      282.559     3991.855
       2.871        0.000      283.340     3992.195
       2.891        0.000      283.340     3992.223
       2.909        0.000      284.211     3992.574
       2.930        0.000      285.465     3992.918
       2.949        0.000      286.539     3993.293
       2.968        0.000      287.445     3993.516
       2.986        0.000      288.801     3993.840
       3.005        0.000      289.594     3994.039
       3.023        0.000      290.141     3994.195
       3.043        0.000      291.027     3994.504
       3.063        0.000      291.863     4059.105
       3.082        0.000      292.828     4059.375
       3.100        0.000      296.289     4059.578
       3.124        0.000      296.941     4059.734
       3.142        0.000      297.684     4060.109
       3.160        0.000      298.055     4060.512
       3.179        0.000      298.953     4061.023
       3.198        0.000      300.012     4061.215
       3.219        0.000      300.559     4061.215
       3.242        0.000      305.531     4062.797
       3.267        0.000      314.789     4142.801
       3.291        0.000      333.859     4158.801
       3.315        0.000      352.406     4170.801
       3.339        0.000      371.477     4186.801
       3.364        0.000      390.289     4202.801
       3.390        0.000      397.492     4275.805
       3.414        0.000      399.801     4275.805
       3.433        0.000      401.863     4279.805
       3.453        0.000      402.371     4279.840
       3.473        0.000      403.406     4344.844
       3.505        0.000      405.266     4357.188
       3.527        0.000      407.270     4422.949
       3.552        0.000      408.578     4423.969
       3.573        0.000      410.762     4424.730
       3.594        0.000      415.465     4424.730
       3.617        0.000      417.180     4425.219
       3.635        0.000      419.098     4425.219
       3.654        0.000      419.977     4429.629
       3.672        0.000      419.977     4429.629
       3.691        0.000      419.977     4429.629
       3.709        0.000      421.465     4429.688
       3.728        0.000      421.465     4429.688
       3.750        0.000      422.965     4429.734
       3.769        0.000      430.684     4447.246
       3.791        0.000      433.520     4447.246
       3.811        0.000      432.953     4447.246
       3.832        0.000      434.496     4447.246
       3.853        0.000      434.496     4447.246
       3.874        0.000      435.992     4447.246
       3.892        0.000      439.312     4447.246
       3.911        0.000      440.082     4447.246
       3.929        0.000      440.340     4447.246
       3.947        0.000      442.145     4447.246
       3.966        0.000      443.434     4447.246
       3.984        0.000      444.980     4447.246
       4.002        0.000      445.754     4447.246
       4.021        0.000      446.785     4447.246
       4.039        0.000      448.074     4447.246
       4.057        0.000      449.621     4447.246
       4.076        0.000      450.984     4447.246
       4.094        0.000      451.941     4448.105
       4.113        0.000      452.277     4448.297
       4.132        0.000      453.820     4452.551
       4.151        0.000      453.820     4452.551
       4.169        0.000      453.820     4452.551
       4.188        0.000      454.652     4452.551
       4.208        0.000      454.652     4452.551
       4.229        0.000      455.961     4453.926
       4.248        0.000      457.395     4453.926
       4.266        0.000      458.363     4455.273
       4.285        0.000      458.945     4455.598
       4.304        0.000      459.555     4456.621
       4.322        0.000      460.457     4456.621
       4.342        0.000      461.555     4457.500
       4.361        0.000      462.781     4457.836
       4.379        0.000      464.883     4457.836
       4.398        0.000      471.844     4457.836
       4.416        0.000      472.652     4456.324
       4.438        0.000      472.922     4456.324
       4.456        0.000      473.785     4457.477
       4.475        0.000      473.906     4457.762
       4.494        0.000      474.777     4457.762
       4.512        0.000      475.555     4463.223
       4.531        0.000      475.555     4463.223
       4.549        0.000      477.484     4463.223
       4.568        0.000      479.297     4463.223
       4.586        0.000      479.297     4463.223
       4.605        0.000      480.824     4463.320
       4.626        0.000      481.004     4464.090
       4.644        0.000      482.754     4464.090
       4.662        0.000      485.980     4551.656
       4.681        0.000      486.652     4551.656
       4.700        0.000      486.652     4551.656
       4.718        0.000      486.652     4551.656
       4.737        0.000      486.652     4551.656
       4.756        0.000      486.652     4551.656
       4.774        0.000      487.898     4551.672
       4.793        0.000      488.086     4551.672
       4.811        0.000      489.254     4634.418
       4.830        0.000      489.254     4634.418
       4.848        0.000      489.254     4634.418
       4.866        0.000      489.254     4634.418
       4.885        0.000      489.254     4634.418
       4.903        0.000      489.254     4634.418
       4.922        0.000      489.254     4634.418
       4.940        0.000      489.254     4634.418
       4.958        0.000      489.254     4634.418
       4.977        0.000      489.254     4634.418
       4.995        0.000      489.297     4634.418
       5.015        0.000      490.172     4634.418
       5.044        0.000      491.141     4637.238
       5.066        0.000      491.543     4637.238
       5.091        0.000      491.941     4637.238
       5.112        0.000      492.750     4641.414
       5.131        0.000      494.617     4611.391
       5.150        0.000      491.656     4608.430
       5.170        0.000      491.910     4608.430
       5.194        0.000      491.910     4608.430
       5.212        0.000      491.910     4608.430
       5.251        0.000      491.910     4608.430
       5.281        0.000      491.910     4608.430
       5.301        0.000      491.910     4608.430
       5.319        0.000      491.910     4608.430
       5.337        0.000      491.910     4608.430
       5.355        0.000      491.910     4608.430
       5.373        0.000      491.910     4608.430
       5.391        0.000      491.910     4608.430
       5.410        0.000      491.910     4608.430
       5.428        0.000      491.910     4608.430
       5.446        0.000      491.910     4608.430
       5.464        0.000      491.910     4608.430
       5.482        0.000      491.910     4608.430
       5.500        0.000      491.910     4608.430
       5.519        0.000      491.910     4608.430
       5.537        0.000      491.910     4608.430
       5.555        0.000      491.910     4608.430
       5.573        0.000      491.910     4608.430
       5.591        0.000      491.910     4608.430
       5.609        0.000      491.910     4608.430
       5.628        0.000      491.910     4608.430
       5.647        0.000      491.910     4608.430
       5.665        0.000      491.910     4608.430
       5.683        0.000      491.910     4608.430
       5.702        0.000      491.910     4608.430
       5.719        0.000      491.910     4608.430
       5.738        0.000      491.910     4608.430
       5.756        0.000      491.910     4608.430
       5.774        0.000      491.910     4608.430
       5.793        0.000      491.910     4608.430
       5.811        0.000      491.910     4608.430
       5.829        0.000      491.910     4608.430
       5.848        0.000      491.910     4608.430
       5.866        0.000      491.910     4608.430
       5.884        0.000      491.910     4608.430
       5.902        0.000      491.910     4608.430
       5.920        0.000      491.910     4608.430
       5.939        0.000      491.910     4608.430
       5.957        0.000      491.910     4608.430
       5.975        0.000      491.910     4608.430
       5.993        0.000      491.910     4608.430
       6.011        0.000      491.910     4608.430
       6.030        0.000      491.910     4608.430
       6.047        0.000      491.910     4608.430
       6.066        0.000      491.910     4608.430
       6.084        0.000      491.910     4608.430
       6.102        0.000      491.910     4608.430
       6.121        0.000      491.910     4608.430
       6.157        0.000      491.910     4608.430
       6.178        0.000      491.938     4608.430
       6.197        0.000      491.938     4608.430
       6.215        0.000      491.938     4608.430
       6.233        0.000      491.938     4608.430
       6.251        0.000      491.938     4608.430
       6.269        0.000      491.938     4608.430
       6.288        0.000      491.938     4608.430
       6.306        0.000      491.938     4608.430
       6.324        0.000      491.938     4608.430
       6.342        0.000      491.938     4608.430
       6.360        0.000      491.938     4608.430
       6.378        0.000      491.938     4608.430
       6.397        0.000      491.938     4608.430
       6.415        0.000      491.938     4608.430
       6.433        0.000      491.938     4608.430
       6.451        0.000      491.938     4608.430
       6.469        0.000      491.938     4608.430
       6.487        0.000      491.938     4608.430
       6.505        0.000      491.938     4608.430
       6.524        0.000      491.938     4608.430
       6.542        0.000      491.938     4608.430
       6.560        0.000      491.938     4608.430
       6.578        0.000      491.938     4608.430
       6.613        0.000      491.938     4608.430
       6.632        0.000      491.938     4608.430
       6.650        0.000      491.938     4608.430
       6.669        0.000      491.938     4608.430
       6.687        0.000      491.938     4608.430
       6.722        0.000      491.938     4608.430
       6.743        0.000      491.938     4608.430
       6.765        0.000      491.938     4608.430
       6.786        0.000      491.938     4608.430
       6.807        0.000      491.938     4608.430
       6.828        0.000      491.938     4608.430
       6.849        0.000      491.938     4608.430
       6.871        0.000      491.938     4608.430
       6.892        0.000      491.938     4608.430
       6.913        0.000      491.938     4608.430
       6.934        0.000      491.938     4608.430
       6.955        0.000      491.938     4608.430
       6.976        0.000      491.938     4608.430
       6.995        0.000      491.938     4608.430
       7.015        0.000      491.938     4608.430
       7.034        0.000      491.938     4608.430
       7.054        0.000      491.938     4608.430
       7.073        0.000      491.938     4608.430
       7.093        0.000      491.938     4608.430
       7.112        0.000      491.938     4608.430
       7.131        0.000      491.938     4608.430
       7.151        0.000      491.938     4608.430
       7.171        0.000      491.996     4608.430
       7.191        0.000      491.996     4608.430
       7.211        0.000      491.996     4608.430
       7.230        0.000      491.996     4608.430
       7.250        0.000      491.996     4608.430
       7.269        0.000      491.996     4608.430
       7.289        0.000      491.996     4608.430
       7.308        0.000      491.996     4608.430
       7.328        0.000      491.996     4608.430
       7.347        0.000      491.996     4608.430
       7.367        0.000      491.996     4608.430
       7.387        0.000      491.996     4608.430
       7.406        0.000      491.996     4608.430
       7.426        0.000      491.996     4608.430
       7.445        0.000      491.996     4608.430
       7.465        0.000      491.996     4608.430
       7.484        0.000      492.680     4608.430
       7.503        0.000      493.086     4600.426
       7.526        0.000      431.516     4529.422
       7.547        0.000      428.637     4514.418
       7.565        0.000      428.641     4514.418
       7.584        0.000      428.641     4514.418
       7.603        0.000      428.641     4514.418
       7.622        0.000      428.641     4514.418
       7.640        0.000      430.652     4493.531
       7.659        0.000        0.684        4.402
