# Elapsed time   CPU (%)     Real (MB)   Virtual (MB)
       0.000        0.000        2.289        8.805
       0.021        0.000        7.316      142.523
       0.046        0.000       20.359      177.031
       0.065        0.000       22.367      177.031
       0.083        0.000       25.367      177.219
       0.102        0.000       30.020      177.219
       0.120        0.000       30.586      177.469
       0.139        0.000       32.441      177.969
       0.158        0.000       36.504      177.969
       0.176        0.000       39.598      178.062
       0.195        0.000       57.395      191.668
       0.213        0.000       58.680      210.633
       0.232        0.000       62.637      210.891
       0.251        0.000       75.910      362.527
       0.269        0.000       78.953      362.527
       0.288        0.000       78.953      362.527
       0.307        0.000       78.953      362.527
       0.325        0.000       78.953      362.527
       0.343        0.000       80.746      362.527
       0.362        0.000       81.961      363.527
       0.381        0.000       81.961      363.527
       0.399        0.000       84.988      363.527
       0.418        0.000       85.738      363.527
       0.436        0.000       85.738      363.527
       0.455        0.000       86.652      363.527
       0.474        0.000       86.652      363.527
       0.492        0.000       86.652      363.527
       0.511        0.000       86.652      363.527
       0.530        0.000       87.859      363.527
       0.548        0.000       87.859      363.527
       0.567        0.000       87.859      363.527
       0.585        0.000       89.035      363.527
       0.604        0.000       89.035      363.527
       0.622        0.000       89.746      363.527
       0.641        0.000       89.746      363.527
       0.660        0.000       89.746      363.527
       0.678        0.000       89.746      363.527
       0.697        0.000       89.746      363.527
       0.715        0.000       89.746      363.527
       0.734        0.000       90.988      363.527
       0.753        0.000       93.922      363.527
       0.771        0.000       93.922      363.527
       0.790        0.000       93.922      363.527
       0.809        0.000       95.035      363.527
       0.827        0.000      108.082      440.027
       0.846        0.000      112.047      527.227
       0.869        0.000      115.855      605.934
       0.888        0.000      116.367      605.934
       0.906        0.000      117.398      605.934
       0.925        0.000      118.430      605.934
       0.944        0.000      120.234      605.934
       0.962        0.000      125.246      606.242
       0.981        0.000      127.480      605.988
       1.004        0.000      128.145      605.988
       1.023        0.000      128.219      605.988
       1.042        0.000      128.746      605.988
       1.060        0.000      128.578      605.988
       1.079        0.000      128.945      605.988
       1.097        0.000      128.781      605.988
       1.116        0.000      128.840      605.988
       1.134        0.000      128.961      605.988
       1.153        0.000      129.078      605.988
       1.172        0.000      129.137      605.988
       1.190        0.000      129.203      605.988
       1.209        0.000      129.309      605.988
       1.227        0.000      129.379      605.988
       1.246        0.000      129.379      605.988
       1.264        0.000      129.770      606.777
       1.283        0.000      131.418      609.848
       1.302        0.000      131.418      609.848
       1.320        0.000      132.859      609.848
       1.339        0.000      144.848      640.203
       1.358        0.000      153.570      864.945
       1.381        0.000      159.801      872.949
       1.402        0.000      165.766      872.949
       1.425        0.000      170.918      872.949
       1.446        0.000      177.363      872.949
       1.468        0.000      180.973      872.949
       1.489        0.000      185.645      874.949
       1.509        0.000      189.746      874.949
       1.529        0.000      193.988      874.949
       1.549        0.000      198.578      874.949
       1.570        0.000      204.227      874.949
       1.593        0.000      209.559      874.949
       1.616        0.000      214.059      874.949
       1.638        0.000      219.133      874.949
       1.660        0.000      224.219      874.949
       1.678        0.000      227.559      874.949
       1.697        0.000      229.258      874.949
       1.715        0.000      232.598      874.949
       1.733        0.000      236.137      876.910
       1.752        0.000      238.418      877.109
       1.771        0.000      245.258     1241.270
       1.789        0.000      253.133     3526.336
       1.808        0.000      254.793     3526.336
       1.826        0.000      255.309     3526.336
       1.844        0.000      255.824     3526.336
       1.863        0.000      256.082     3526.336
       1.882        0.000      258.066     3916.359
       1.902        0.000      259.777     3916.410
       1.921        0.000      262.566     3917.695
       1.943        0.000      265.766     3917.723
       1.963        0.000      266.801     3982.742
       1.983        0.000      269.199     3983.973
       2.005        0.000      271.270     3986.508
       2.023        0.000      273.855     3987.109
       2.043        0.000      278.059     3989.074
       2.064        0.000      278.059     3989.074
       2.082        0.000      284.809     3991.555
       2.106        0.000      286.332     3992.227
       2.124        0.000      289.172     3993.117
       2.146        0.000      292.578     3994.043
       2.168        0.000      292.578     3994.043
       2.186        0.000      299.762     4060.008
       2.210        0.000      302.551     4061.219
       2.234        0.000      306.840     4061.660
       2.258        0.000      312.590     4138.805
       2.282        0.000      330.113     4150.805
       2.305        0.000      346.355     4166.805
       2.328        0.000      362.836     4178.805
       2.350        0.000      379.590     4194.805
       2.375        0.000      392.730     4202.805
       2.393        0.000      399.234     4275.809
       2.415        0.000      400.777     4275.809
       2.435        0.000      403.609     4279.809
       2.454        0.000      404.105     4280.848
       2.476        0.000      405.391     4344.848
       2.499        0.000      408.242     4422.473
       2.523        0.000      410.672     4424.660
       2.552        0.000      414.297     4424.734
       2.576        0.000      420.766     4425.223
       2.596        0.000      421.914     4425.223
       2.615        0.000      422.805     4429.633
       2.633        0.000      422.805     4429.633
       2.652        0.000      422.805     4429.633
       2.670        0.000      424.262     4429.691
       2.692        0.000      427.398     4429.738
       2.713        0.000      435.633     4447.250
       2.734        0.000      435.785     4447.250
       2.753        0.000      435.785     4447.250
       2.775        0.000      437.328     4447.250
       2.796        0.000      438.020     4447.250
       2.815        0.000      441.340     4447.250
       2.833        0.000      442.109     4447.250
       2.852        0.000      442.883     4447.250
       2.870        0.000      444.430     4447.250
       2.889        0.000      445.977     4447.250
       2.907        0.000      447.266     4447.250
       2.926        0.000      448.297     4447.250
       2.944        0.000      449.328     4447.250
       2.963        0.000      450.617     4447.250
       2.981        0.000      452.164     4447.250
       3.000        0.000      453.824     4447.250
       3.019        0.000      454.699     4448.109
       3.039        0.000      456.457     4452.516
       3.061        0.000      456.703     4452.555
       3.081        0.000      456.703     4452.555
       3.099        0.000      456.703     4452.555
       3.118        0.000      456.703     4452.555
       3.138        0.000      458.645     4453.930
       3.156        0.000      460.234     4455.277
       3.175        0.000      461.621     4455.602
       3.194        0.000      461.996     4456.625
       3.213        0.000      461.996     4456.625
       3.232        0.000      464.832     4457.719
       3.251        0.000      466.227     4457.840
       3.269        0.000      472.930     4457.840
       3.288        0.000      475.543     4456.328
       3.309        0.000      475.797     4456.328
       3.327        0.000      476.586     4457.480
       3.346        0.000      476.695     4457.766
       3.365        0.000      477.535     4457.766
       3.384        0.000      478.113     4463.227
       3.402        0.000      478.113     4463.227
       3.421        0.000      480.547     4463.227
       3.440        0.000      480.547     4463.227
       3.458        0.000      480.547     4463.227
       3.477        0.000      480.547     4463.227
       3.495        0.000      480.547     4463.227
       3.514        0.000      480.547     4463.227
       3.532        0.000      480.547     4463.227
       3.550        0.000      480.547     4463.227
       3.568        0.000      480.547     4463.227
       3.587        0.000      480.547     4463.227
       3.605        0.000      480.547     4463.227
       3.623        0.000      480.547     4463.227
       3.642        0.000      480.547     4463.227
       3.660        0.000      480.547     4463.227
       3.678        0.000      480.547     4463.227
       3.697        0.000      480.547     4463.227
       3.715        0.000      480.965     4463.227
       3.734        0.000      482.406     4463.324
       3.753        0.000      482.406     4463.324
       3.771        0.000      482.406     4463.324
       3.789        0.000      482.406     4463.324
       3.807        0.000      482.406     4463.324
       3.826        0.000      482.406     4463.324
       3.844        0.000      482.406     4463.324
       3.862        0.000      482.406     4463.324
       3.880        0.000      482.406     4463.324
       3.898        0.000      482.406     4463.324
       3.917        0.000      482.406     4463.324
       3.935        0.000      482.406     4463.324
       3.953        0.000      482.406     4463.324
       3.971        0.000      482.406     4463.324
       3.990        0.000      482.406     4463.324
       4.008        0.000      482.453     4464.094
       4.027        0.000      495.379     4610.219
       4.046        0.000      498.730     4610.219
       4.064        0.000      501.824     4610.219
       4.083        0.000      504.918     4610.219
       4.101        0.000      508.270     4610.219
       4.119        0.000      511.879     4610.219
       4.138        0.000      515.488     4610.219
       4.157        0.000      519.098     4610.219
       4.175        0.000      522.707     4610.219
       4.194        0.000      552.871     4610.219
       4.212        0.000      554.406     4580.992
       4.231        0.000      557.500     4580.992
       4.250        0.000      562.141     4580.992
       4.269        0.000      572.969     4580.992
       4.287        0.000      579.930     4580.992
       4.306        0.000      589.727     4580.992
       4.324        0.000      600.555     4580.992
       4.342        0.000      611.641     4580.992
       4.361        0.000      624.254     4581.230
       4.380        0.000      636.703     4581.230
       4.400        0.000      651.062     4645.230
       4.419        0.000      636.887     4645.230
       4.438        0.000      648.742     4645.230
       4.457        0.000      636.887     4581.230
       4.478        0.000      674.590     4717.809
       4.496        0.000      697.203     4781.809
       4.515        0.000      712.469     4863.434
       4.536        0.000      736.961     4863.434
       4.555        0.000      770.992     4863.434
       4.574        0.000      810.180     4863.434
       4.593        0.000      828.484     4863.434
       4.613        0.000      829.258     4863.434
       4.631        0.000      829.258     4863.434
       4.650        0.000      829.258     4863.434
       4.669        0.000      829.258     4863.434
       4.688        0.000      829.258     4863.434
       4.707        0.000      829.258     4863.434
       4.725        0.000      829.258     4863.434
       4.744        0.000      829.258     4863.434
       4.763        0.000      829.258     4863.434
       4.782        0.000      829.258     4863.434
       4.801        0.000      829.258     4863.434
       4.821        0.000      830.547     4863.434
       4.841        0.000      831.578     4863.434
       4.860        0.000      831.836     4863.434
       4.881        0.000      832.352     4863.434
       4.903        0.000      833.125     4863.434
       4.925        0.000      833.898     4863.434
       4.946        0.000      834.672     4863.434
       4.967        0.000      835.445     4863.434
       4.988        0.000      836.219     4863.434
       5.009        0.000      836.992     4863.434
       5.029        0.000      837.766     4863.434
       5.050        0.000      838.539     4863.434
       5.072        0.000      839.312     4863.434
       5.093        0.000      840.086     4863.434
       5.114        0.000      841.117     4863.434
       5.135        0.000      842.406     4863.434
       5.155        0.000      843.438     4863.434
       5.174        0.000      844.211     4863.434
       5.195        0.000      844.984     4863.434
       5.217        0.000      845.500     4863.434
       5.239        0.000      846.273     4863.434
       5.260        0.000      847.047     4863.434
       5.280        0.000      847.562     4863.434
       5.302        0.000      848.336     4863.434
       5.324        0.000      848.852     4863.434
       5.345        0.000      849.625     4863.434
       5.366        0.000      850.398     4863.434
       5.386        0.000      850.914     4863.434
       5.408        0.000      851.688     4863.434
       5.429        0.000      852.203     4863.434
       5.451        0.000      852.977     4863.434
       5.472        0.000      853.234     4863.434
       5.494        0.000      853.750     4863.434
       5.517        0.000      854.266     4863.434
       5.539        0.000      855.039     4863.434
       5.561        0.000      855.555     4863.434
       5.582        0.000      856.070     4863.434
       5.604        0.000      856.586     4863.434
       5.626        0.000      856.844     4863.434
       5.648        0.000      857.359     4863.434
       5.670        0.000      857.875     4863.434
       5.692        0.000      858.391     4863.434
       5.714        0.000      859.164     4863.434
       5.735        0.000      859.422     4863.434
       5.757        0.000      859.938     4863.434
       5.779        0.000      860.711     4863.434
       5.801        0.000      860.969     4863.434
       5.822        0.000      861.484     4863.434
       5.844        0.000      862.000     4863.434
       5.865        0.000      862.516     4863.434
       5.887        0.000      862.773     4863.434
       5.909        0.000      863.289     4863.434
       5.931        0.000      863.547     4863.434
       5.953        0.000      863.547     4863.434
       5.973        0.000      863.547     4863.434
       5.994        0.000      863.547     4863.434
       6.016        0.000      863.547     4863.434
       6.037        0.000      863.547     4863.434
       6.059        0.000      863.547     4863.434
       6.081        0.000      863.547     4863.434
       6.103        0.000      863.547     4863.434
       6.125        0.000      863.547     4863.434
       6.146        0.000      863.547     4863.434
       6.168        0.000      863.547     4863.434
       6.190        0.000      863.547     4863.434
       6.212        0.000      863.547     4863.434
       6.234        0.000      863.547     4863.434
       6.255        0.000      863.547     4863.434
       6.277        0.000      863.547     4863.434
       6.299        0.000      863.547     4863.434
       6.321        0.000      863.547     4863.434
       6.343        0.000      863.547     4863.434
       6.365        0.000      863.547     4863.434
       6.386        0.000      863.547     4863.434
       6.408        0.000      863.547     4863.434
       6.430        0.000      863.547     4863.434
       6.451        0.000      863.547     4863.434
       6.473        0.000      863.547     4863.434
       6.493        0.000      863.547     4863.434
       6.513        0.000      863.547     4863.434
       6.532        0.000      863.547     4863.434
       6.552        0.000      782.176     4840.258
       6.572        0.000      782.176     4840.258
       6.591        0.000      782.176     4840.258
       6.611        0.000      786.555     4840.258
       6.630        0.000      797.898     4840.258
       6.649        0.000      810.016     4840.258
       6.668        0.000      829.352     4875.531
       6.687        0.000      832.703     4875.531
       6.707        0.000      859.258     4875.531
       6.726        0.000      876.789     4875.531
       6.745        0.000      876.789     4875.531
       6.763        0.000      876.789     4875.531
       6.782        0.000      876.789     4875.531
       6.800        0.000      876.789     4875.531
       6.819        0.000      876.789     4875.531
       6.838        0.000      876.789     4875.531
       6.856        0.000      876.789     4875.531
       6.875        0.000      876.789     4875.531
       6.893        0.000      806.367     4781.809
       6.913        0.000      806.367     4781.809
       6.932        0.000      806.367     4781.809
       6.955        0.000      806.367     4781.809
       6.978        0.000      806.367     4781.809
       7.000        0.000      806.367     4840.258
       7.020        0.000      806.367     4840.258
       7.039        0.000      806.367     4840.258
       7.059        0.000      808.941     4840.258
       7.080        0.000      820.285     4840.258
       7.099        0.000      832.145     4840.258
       7.118        0.000      841.426     4875.531
       7.137        0.000      846.066     4875.531
       7.157        0.000      872.363     4875.531
       7.176        0.000      876.746     4875.531
       7.196        0.000      876.746     4875.531
       7.214        0.000      883.707     4919.906
       7.234        0.000      896.082     4919.906
       7.252        0.000      907.426     4919.906
       7.271        0.000      919.285     4919.906
       7.290        0.000      926.504     4919.906
       7.308        0.000      856.027     4943.082
       7.328        0.000      856.027     4943.082
       7.347        0.000      856.027     4943.082
       7.366        0.000      861.953     4943.082
       7.386        0.000      879.227     4943.082
       7.405        0.000      894.695     4943.082
       7.424        0.000      911.969     4943.082
       7.443        0.000      926.406     6946.152
       7.462        0.000      927.801     7030.891
       7.481        0.000      927.801     7030.891
       7.499        0.000      927.801     7030.891
       7.518        0.000      927.801     7030.891
       7.537        0.000      927.801     7030.891
       7.555        0.000      928.645     7030.906
       7.574        0.000      928.902     7030.906
       7.592        0.000      939.957     7095.410
       7.614        0.000      951.348     7095.410
       7.636        0.000      960.352     7095.410
       7.659        0.000      969.633     7095.410
       7.681        0.000      983.410     7095.410
       7.703        0.000      988.555     7095.410
       7.726        0.000      997.578     7095.410
       7.748        0.000     1006.086     7095.410
       7.771        0.000     1015.883     7095.410
       7.792        0.000     1026.711     7095.410
       7.815        0.000     1031.059     7095.410
       7.837        0.000     1040.855     7095.410
       7.859        0.000     1050.395     7095.410
       7.881        0.000     1059.418     7095.410
       7.904        0.000     1067.152     7095.410
       7.926        0.000     1076.949     7095.410
       7.947        0.000     1086.230     7095.410
       7.969        0.000     1093.184     7095.410
       7.992        0.000     1100.352     7095.410
       8.016        0.000     1105.508     7095.410
       8.039        0.000     1111.953     7095.410
       8.063        0.000     1123.812     7095.410
       8.086        0.000     1123.812     7095.410
       8.109        0.000     1130.516     7095.410
       8.131        0.000     1140.055     7095.410
       8.153        0.000     1150.625     7095.410
       8.176        0.000     1160.938     7095.410
       8.199        0.000     1167.898     7095.410
       8.222        0.000     1168.156     7095.410
       8.245        0.000     1168.383     7095.410
       8.269        0.000     1177.922     7095.410
       8.290        0.000     1187.719     7095.410
       8.312        0.000     1198.031     7095.410
       8.335        0.000     1204.219     7095.410
       8.357        0.000     1214.273     7095.410
       8.378        0.000     1222.781     7095.410
       8.401        0.000     1230.258     7095.410
       8.423        0.000     1239.023     7095.410
       8.446        0.000     1249.078     7095.410
       8.467        0.000     1259.648     7095.410
       8.490        0.000     1263.516     7095.410
       8.512        0.000     1272.797     7095.410
       8.534        0.000     1281.562     7095.410
       8.557        0.000     1291.102     7095.410
       8.578        0.000     1299.867     7095.410
       8.601        0.000     1309.922     7095.410
       8.623        0.000     1315.852     7095.410
       8.647        0.000     1325.133     7095.410
       8.668        0.000     1333.641     7095.410
       8.691        0.000     1341.891     7095.410
       8.713        0.000     1351.945     7095.410
       8.735        0.000     1359.422     7095.410
       8.757        0.000     1369.219     7095.410
       8.779        0.000     1378.500     7095.410
       8.801        0.000     1385.977     7095.410
       8.824        0.000     1393.969     7095.410
       8.847        0.000     1398.547     7095.410
       8.871        0.000     1408.086     7095.410
       8.893        0.000     1411.180     7095.410
       8.916        0.000     1411.180     7095.410
       8.939        0.000     1415.047     7095.410
       8.962        0.000     1424.328     7095.410
       8.986        0.000     1424.586     7095.410
       9.010        0.000     1424.586     7095.410
       9.033        0.000     1441.324     7095.410
       9.056        0.000     1443.129     7095.410
       9.079        0.000     1443.129     7095.410
       9.103        0.000     1443.129     7095.410
       9.126        0.000     1443.363     7095.410
       9.150        0.000     1458.570     7095.410
       9.174        0.000     1458.570     7095.410
       9.196        0.000     1458.570     7095.410
       9.220        0.000     1458.570     7095.410
       9.243        0.000     1458.570     7095.410
       9.267        0.000     1475.277     7095.410
       9.291        0.000     1475.535     7095.410
       9.313        0.000     1475.535     7095.410
       9.337        0.000     1475.535     7095.410
       9.356        0.000     1475.535     7095.410
       9.375        0.000     1475.789     7095.410
       9.394        0.000     1500.539     7095.410
       9.414        0.000     1501.812     7095.410
       9.433        0.000     1504.906     7095.410
       9.452        0.000     1504.906     7095.410
       9.471        0.000     1504.906     7095.410
       9.490        0.000     1504.906     7095.410
       9.510        0.000     1504.906     7095.410
       9.531        0.000     1504.906     7095.410
       9.549        0.000     1504.906     7095.410
       9.569        0.000     1504.906     7095.410
       9.589        0.000     1505.164     7095.410
       9.608        0.000     1505.164     7095.410
       9.627        0.000     1505.164     7095.410
       9.647        0.000     1505.164     7095.410
       9.666        0.000     1505.164     7095.410
       9.685        0.000     1505.164     7095.410
       9.705        0.000     1505.164     7095.410
       9.724        0.000     1535.328     7095.410
       9.743        0.000     1536.578     7095.410
       9.763        0.000     1536.578     7095.410
       9.782        0.000     1539.156     7095.410
       9.800        0.000     1539.156     7095.410
       9.820        0.000     1539.156     7095.410
       9.839        0.000     1539.156     7095.410
       9.858        0.000     1539.156     7095.410
       9.878        0.000     1539.156     7095.410
       9.897        0.000     1539.156     7095.410
       9.916        0.000     1539.156     7095.410
       9.936        0.000     1539.156     7095.410
       9.955        0.000     1539.156     7095.410
       9.975        0.000     1539.156     7095.410
       9.995        0.000     1539.156     7095.410
      10.014        0.000     1539.156     7095.410
      10.033        0.000     1539.156     7095.410
      10.053        0.000     1539.156     7095.410
      10.072        0.000     1542.766     7095.410
      10.090        0.000     1548.695     7095.410
      10.110        0.000     1555.141     7095.410
      10.129        0.000     1561.844     7095.410
      10.148        0.000     1568.031     7095.410
      10.167        0.000     1574.219     7095.410
      10.186        0.000     1581.695     7095.410
      10.206        0.000     1585.820     7095.410
      10.225        0.000     1596.648     7095.410
      10.244        0.000     1596.648     7095.410
      10.264        0.000     1596.648     7095.410
      10.283        0.000     1596.648     7095.410
      10.302        0.000     1603.094     7095.410
      10.321        0.000     1609.281     7095.410
      10.340        0.000     1619.594     7095.410
      10.363        0.000     1625.523     7095.410
      10.385        0.000     1634.289     7095.410
      10.407        0.000     1644.344     7095.410
      10.429        0.000     1654.656     7095.410
      10.452        0.000     1658.008     7095.410
      10.476        0.000     1662.883     7095.410
      10.499        0.000     1672.938     7095.410
      10.522        0.000     1681.188     7095.410
      10.544        0.000     1689.953     7095.410
      10.567        0.000     1701.039     7095.410
      10.590        0.000     1704.648     7095.410
      10.612        0.000     1715.219     7095.410
      10.635        0.000     1719.602     7095.410
      10.658        0.000     1729.656     7095.410
      10.682        0.000     1729.656     7095.410
      10.706        0.000     1753.375     7095.410
      10.730        0.000     1753.375     7095.410
      10.754        0.000     1753.375     7095.410
      10.778        0.000     1753.375     7095.410
      10.801        0.000     1753.375     7095.410
      10.825        0.000     1753.375     7095.410
      10.848        0.000     1768.328     7095.410
      10.871        0.000     1790.238     7095.410
      10.894        0.000     1791.785     7095.410
      10.918        0.000     1791.785     7095.410
      10.941        0.000     1791.785     7095.410
      10.965        0.000     1791.785     7095.410
      10.989        0.000     1791.785     7095.410
      11.013        0.000     1791.785     7095.410
      11.036        0.000     1792.043     7095.410
      11.060        0.000     1792.043     7095.410
      11.083        0.000     1792.043     7095.410
      11.106        0.000     1792.043     7095.410
      11.130        0.000     1792.043     7095.410
      11.154        0.000     1792.480     7095.410
      11.177        0.000     1792.480     7095.410
      11.201        0.000     1792.480     7095.410
      11.223        0.000     1800.730     7095.410
      11.247        0.000     1810.012     7095.410
      11.271        0.000     1815.684     7095.410
      11.295        0.000     1823.934     7095.410
      11.319        0.000     1832.957     7095.410
      11.343        0.000     1841.207     7095.410
      11.367        0.000     1848.168     7095.410
      11.390        0.000     1853.066     7095.410
      11.414        0.000     1861.316     7095.410
      11.438        0.000     1868.535     7095.410
      11.462        0.000     1879.879     7095.410
      11.486        0.000     1881.426     7095.410
      11.510        0.000     1891.223     7095.410
      11.533        0.000     1899.215     7095.410
      11.557        0.000     1908.496     7095.410
      11.580        0.000     1914.426     7095.410
      11.604        0.000     1921.387     7095.410
      11.628        0.000     1930.410     7095.410
      11.652        0.000     1939.176     7095.410
      11.675        0.000     1948.973     7095.410
      11.699        0.000     1961.090     7095.410
      11.723        0.000     1961.090     7095.410
      11.747        0.000     1961.090     7095.410
      11.771        0.000     1982.746     7095.410
      11.795        0.000     1982.746     7095.410
      11.818        0.000     1982.746     7095.410
      11.842        0.000     1982.746     7095.410
      11.865        0.000     1982.746     7095.410
      11.889        0.000     1985.582     7095.410
      11.912        0.000     2029.621     7095.410
      11.935        0.000     2030.137     7095.410
      11.959        0.000     2033.746     7095.410
      11.983        0.000     2033.746     7095.410
      12.006        0.000     2033.746     7095.410
      12.030        0.000     2033.746     7095.410
      12.054        0.000     2033.746     7095.410
      12.077        0.000     2033.746     7095.410
      12.101        0.000     2034.262     7095.410
      12.124        0.000     2034.520     7095.410
      12.148        0.000     2034.520     7095.410
      12.171        0.000     2034.520     7095.410
      12.194        0.000     2034.520     7095.410
      12.218        0.000     2034.520     7095.410
      12.242        0.000     2034.520     7095.410
      12.265        0.000     2034.520     7095.410
      12.289        0.000     2034.520     7095.410
      12.313        0.000     2034.520     7095.410
      12.337        0.000     2034.934     7095.410
      12.360        0.000     2034.934     7095.410
      12.383        0.000     2034.934     7095.410
      12.407        0.000     2034.934     7095.410
      12.430        0.000     2043.699     7095.410
      12.453        0.000     2052.207     7095.410
      12.477        0.000     2061.488     7095.410
      12.501        0.000     2066.902     7095.410
      12.525        0.000     2076.699     7095.410
      12.549        0.000     2084.176     7095.410
      12.573        0.000     2091.137     7095.410
      12.596        0.000     2100.418     7095.410
      12.620        0.000     2113.051     7095.410
      12.644        0.000     2120.785     7095.410
      12.667        0.000     2120.785     7095.410
      12.691        0.000     2126.457     7095.410
      12.714        0.000     2135.480     7095.410
      12.738        0.000     2143.988     7095.410
      12.762        0.000     2152.754     7095.410
      12.786        0.000     2161.262     7095.410
      12.809        0.000     2168.738     7095.410
      12.833        0.000     2177.504     7095.410
      12.857        0.000     2186.785     7095.410
      12.881        0.000     2191.941     7095.410
      12.905        0.000     2200.449     7095.410
      12.929        0.000     2208.699     7095.410
      12.952        0.000     2215.402     7095.410
      12.976        0.000     2224.426     7095.410
      13.000        0.000     2232.160     7095.410
      13.023        0.000     2241.184     7095.410
      13.047        0.000     2249.691     7095.410
      13.070        0.000     2254.074     7095.410
      13.094        0.000     2262.582     7095.410
      13.118        0.000     2272.895     7095.410
      13.142        0.000     2278.566     7095.410
      13.166        0.000     2281.918     7095.410
      13.190        0.000     2287.590     7095.410
      13.214        0.000     2292.230     7095.410
      13.238        0.000     2303.059     7095.410
      13.261        0.000     2303.059     7095.410
      13.285        0.000     2303.059     7095.410
      13.309        0.000     2311.051     7095.410
      13.332        0.000     2314.918     7095.410
      13.356        0.000     2324.199     7095.410
      13.380        0.000     2324.199     7095.410
      13.404        0.000     2324.199     7095.410
      13.427        0.000     2332.449     7095.410
      13.451        0.000     2341.215     7095.410
      13.475        0.000     2350.754     7095.410
      13.499        0.000     2356.168     7095.410
      13.523        0.000     2365.191     7095.410
      13.547        0.000     2374.215     7095.410
      13.570        0.000     2380.402     7095.410
      13.594        0.000     2389.684     7095.410
      13.618        0.000     2397.418     7095.410
      13.642        0.000     2404.637     7095.410
      13.665        0.000     2414.691     7095.410
      13.689        0.000     2422.426     7095.410
      13.713        0.000     2426.293     7095.410
      13.737        0.000     2434.543     7095.410
      13.760        0.000     2442.535     7095.410
      13.784        0.000     2450.527     7095.410
      13.807        0.000     2458.777     7095.410
      13.831        0.000     2465.996     7095.410
      13.855        0.000     2475.535     7095.410
      13.879        0.000     2480.949     7095.410
      13.903        0.000     2487.910     7095.410
      13.926        0.000     2496.418     7095.410
      13.950        0.000     2503.121     7095.410
      13.974        0.000     2509.566     7095.410
      13.998        0.000     2509.566     7095.410
      14.022        0.000     2520.395     7095.410
      14.045        0.000     2520.395     7095.410
      14.069        0.000     2529.934     7095.410
      14.092        0.000     2535.348     7095.410
      14.115        0.000     2535.348     7095.410
      14.139        0.000     2535.348     7095.410
      14.163        0.000     2553.910     7095.410
      14.185        0.000     2561.902     7095.410
      14.209        0.000     2561.902     7095.410
      14.232        0.000     2561.902     7095.410
      14.256        0.000     2561.902     7095.410
      14.279        0.000     2561.902     7095.410
      14.303        0.000     2561.902     7095.410
      14.326        0.000     2561.902     7095.410
      14.350        0.000     2561.902     7095.410
      14.374        0.000     2561.902     7095.410
      14.397        0.000     2569.637     7095.410
      14.420        0.000     2577.371     7095.410
      14.442        0.000     2585.363     7095.410
      14.466        0.000     2592.324     7095.410
      14.489        0.000     2599.801     7095.410
      14.511        0.000     2609.082     7095.410
      14.533        0.000     2619.137     7095.410
      14.555        0.000     2626.355     7095.410
      14.580        0.000     2633.574     7095.410
      14.602        0.000     2643.629     7095.410
      14.626        0.000     2643.629     7095.410
      14.650        0.000     2667.863     7095.410
      14.669        0.000     2690.777     7095.410
      14.692        0.000     2692.324     7095.410
      14.716        0.000     2692.840     7095.410
      14.739        0.000     2692.840     7095.410
      14.763        0.000     2692.840     7095.410
      14.785        0.000     2692.840     7095.410
      14.809        0.000     2692.840     7095.410
      14.832        0.000     2692.840     7095.410
      14.856        0.000     2692.840     7095.410
      14.878        0.000     2692.840     7095.410
      14.901        0.000     2692.840     7095.410
      14.925        0.000     2692.840     7095.410
      14.949        0.000     2692.840     7095.410
      14.973        0.000     2692.840     7095.410
      14.996        0.000     2692.840     7095.410
      15.020        0.000     2692.840     7095.410
      15.043        0.000     2699.543     7095.410
      15.066        0.000     2737.172     7095.410
      15.085        0.000     2765.082     7095.410
      15.103        0.000     2804.461     7095.410
      15.123        0.000     2839.781     7095.410
      15.142        0.000     2858.602     7095.410
      15.165        0.000     2866.078     7095.410
      15.189        0.000     2874.602     7095.410
      15.213        0.000     2874.602     7095.410
      15.232        0.000     2874.602     7095.410
      15.251        0.000     2874.602     7095.410
      15.270        0.000     2874.602     7095.410
      15.289        0.000     2874.602     7095.410
      15.308        0.000     2874.602     7095.410
      15.327        0.000     2874.602     7095.410
      15.346        0.000     2874.602     7095.410
      15.366        0.000     2874.602     7095.410
      15.384        0.000     2874.602     7095.410
      15.403        0.000     2874.602     7095.410
      15.422        0.000     2874.602     7095.410
      15.442        0.000     2874.602     7095.410
      15.461        0.000     2874.602     7095.410
      15.480        0.000     2874.602     7095.410
      15.501        0.000     2874.602     7095.410
      15.520        0.000     2874.602     7095.410
      15.539        0.000     2874.602     7095.410
      15.559        0.000     2874.602     7095.410
      15.579        0.000     2874.602     7095.410
      15.598        0.000     2874.602     7095.410
      15.618        0.000     2874.602     7095.410
      15.637        0.000     2874.602     7095.410
      15.657        0.000     2874.602     7095.410
      15.676        0.000     2874.602     7095.410
      15.695        0.000     2880.016     7095.410
      15.714        0.000     2880.016     7095.410
      15.733        0.000     2880.016     7095.410
      15.753        0.000     2880.016     7095.410
      15.772        0.000     2880.016     7095.410
      15.793        0.000     2880.016     7095.410
      15.812        0.000     2880.016     7095.410
      15.832        0.000     2880.273     7095.410
      15.851        0.000     2881.562     7095.410
      15.870        0.000     2884.656     7095.410
      15.889        0.000     2890.844     7095.410
      15.908        0.000     2900.641     7095.410
      15.927        0.000     2900.641     7095.410
      15.947        0.000     2900.641     7095.410
      15.965        0.000     2900.641     7095.410
      15.984        0.000     2900.641     7095.410
      16.004        0.000     2900.641     7095.410
      16.023        0.000     2900.641     7095.410
      16.042        0.000     2900.641     7095.410
      16.061        0.000     2900.641     7095.410
      16.080        0.000     2900.641     7095.410
      16.099        0.000     2900.641     7095.410
      16.118        0.000     2900.641     7095.410
      16.137        0.000     2900.641     7095.410
      16.156        0.000     2900.641     7095.410
      16.175        0.000     2900.641     7095.410
      16.194        0.000     2900.641     7095.410
      16.213        0.000     2900.641     7095.410
      16.232        0.000     2900.641     7095.410
      16.251        0.000     2900.641     7095.410
      16.270        0.000     2900.641     7095.410
      16.290        0.000     2900.641     7095.410
      16.310        0.000     2900.641     7095.410
      16.329        0.000     2900.641     7095.410
      16.348        0.000     2900.641     7095.410
      16.367        0.000     2900.641     7095.410
      16.386        0.000     2900.641     7095.410
      16.406        0.000     2900.641     7095.410
      16.425        0.000     2900.641     7095.410
      16.445        0.000     2900.641     7095.410
      16.465        0.000     2900.641     7095.410
      16.484        0.000     2900.641     7095.410
      16.503        0.000     2900.641     7095.410
      16.523        0.000     2900.641     7095.410
      16.543        0.000     2900.641     7095.410
      16.562        0.000     2900.641     7095.410
      16.582        0.000     2900.641     7095.410
      16.601        0.000     2900.641     7095.410
      16.620        0.000     2900.641     7095.410
      16.639        0.000     2900.641     7095.410
      16.659        0.000     2900.641     7095.410
      16.678        0.000     2900.641     7095.410
      16.698        0.000     2900.641     7095.410
      16.717        0.000     2900.641     7095.410
      16.735        0.000     2900.641     7095.410
      16.755        0.000     2900.641     7095.410
      16.774        0.000     2900.641     7095.410
      16.792        0.000     2900.641     7095.410
      16.812        0.000     2900.641     7095.410
      16.831        0.000     2900.641     7095.410
      16.850        0.000     2900.641     7095.410
      16.869        0.000     2900.641     7095.410
      16.888        0.000     2900.641     7095.410
      16.908        0.000     2900.641     7095.410
      16.927        0.000     2900.641     7095.410
      16.946        0.000     2900.641     7095.410
      16.965        0.000     2900.641     7095.410
      16.984        0.000     2900.641     7095.410
      17.003        0.000     2900.641     7095.410
      17.022        0.000     2900.641     7095.410
      17.041        0.000     2900.641     7095.410
      17.060        0.000     2900.641     7095.410
      17.079        0.000     2900.641     7095.410
      17.098        0.000     2900.641     7095.410
      17.117        0.000     2900.641     7095.410
      17.136        0.000     2900.641     7095.410
      17.156        0.000     2900.641     7095.410
      17.174        0.000     2900.641     7095.410
      17.194        0.000     2900.641     7095.410
      17.213        0.000     2900.641     7095.410
      17.232        0.000     2900.641     7095.410
      17.251        0.000     2900.641     7095.410
      17.270        0.000     2900.641     7095.410
      17.289        0.000     2900.641     7095.410
      17.308        0.000     2900.641     7095.410
      17.327        0.000     2900.641     7095.410
      17.346        0.000     2900.641     7095.410
      17.365        0.000     2900.641     7095.410
      17.384        0.000     2900.641     7095.410
      17.403        0.000     2900.641     7095.410
      17.422        0.000     2900.641     7095.410
      17.442        0.000     2900.641     7095.410
      17.461        0.000     2900.641     7095.410
      17.480        0.000     2900.641     7095.410
      17.499        0.000     2900.641     7095.410
      17.518        0.000     2900.641     7095.410
      17.537        0.000     2900.641     7095.410
      17.557        0.000     2900.641     7095.410
      17.576        0.000     2900.641     7095.410
      17.595        0.000     2900.641     7095.410
      17.615        0.000     2900.641     7095.410
      17.634        0.000     2900.641     7095.410
      17.653        0.000     2755.457     6872.191
      17.673        0.000     2755.457     6872.191
      17.694        0.000     2755.457     6872.191
      17.713        0.000     2755.457     6872.191
      17.733        0.000     2755.457     6872.191
      17.752        0.000     2755.457     6872.191
      17.773        0.000     2755.457     6872.191
      17.792        0.000     2755.457     6872.191
      17.812        0.000     2755.457     6872.191
      17.833        0.000     2755.457     6872.191
      17.852        0.000     2755.457     6872.191
      17.872        0.000     2755.457     6872.191
      17.891        0.000     2755.457     6872.191
      17.911        0.000     2755.457     6872.191
      17.933        0.000     2755.457     6872.191
      17.953        0.000     2755.457     6872.191
      17.972        0.000     2755.457     6872.191
      17.991        0.000     2755.457     6872.191
      18.011        0.000     2755.457     6872.191
      18.033        0.000     2755.457     6872.191
      18.052        0.000     2755.457     6872.191
      18.072        0.000     2755.457     6872.191
      18.093        0.000     2755.457     6872.191
      18.112        0.000     2755.457     6872.191
      18.131        0.000     2755.457     6872.191
      18.151        0.000     2755.457     6872.191
      18.170        0.000     2218.793     6827.816
      18.189        0.000     1612.668     6827.816
      18.207        0.000     1082.309     6827.816
      18.226        0.000      741.941     4858.488
      18.247        0.000      765.656     4975.387
      18.266        0.000      802.008     4975.387
      18.284        0.000      838.102     4975.387
      18.302        0.000      742.566     4858.488
      18.322        0.000      625.867     4741.590
      18.340        0.000      625.867     4741.590
      18.358        0.000      625.867     4741.590
      18.377        0.000      625.867     4741.590
      18.396        0.000      625.867     4741.590
      18.414        0.000      625.867     4741.590
      18.433        0.000      625.867     4741.590
      18.451        0.000      625.867     4741.590
      18.469        0.000      625.867     4741.590
      18.487        0.000      625.867     4741.590
      18.507        0.000      625.891     4741.590
      18.525        0.000      626.445     4741.590
      18.547        0.000      626.605     4741.590
      18.572        0.000      626.965     4741.590
      18.591        0.000      627.594     4744.410
      18.610        0.000      627.863     4744.410
      18.630        0.000      628.355     4744.410
      18.654        0.000      628.781     4746.547
      18.672        0.000      629.188     4748.586
      18.691        0.000      631.492     4718.562
      18.724        0.000      628.531     4715.602
      18.762        0.000      628.531     4715.602
      18.794        0.000      628.781     4715.602
      18.818        0.000      628.781     4715.602
      18.853        0.000      628.781     4715.602
      18.884        0.000      628.781     4715.602
      18.910        0.000      628.781     4715.602
      18.937        0.000      628.781     4715.602
      18.956        0.000      628.781     4715.602
      18.975        0.000      628.781     4715.602
      18.994        0.000      628.781     4715.602
      19.013        0.000      628.781     4715.602
      19.032        0.000      628.781     4715.602
      19.050        0.000      628.781     4715.602
      19.069        0.000      628.781     4715.602
      19.088        0.000      628.781     4715.602
      19.106        0.000      628.781     4715.602
      19.135        0.000      628.781     4715.602
      19.162        0.000      628.781     4715.602
      19.181        0.000      628.781     4715.602
      19.201        0.000      628.781     4715.602
      19.220        0.000      628.781     4715.602
      19.240        0.000      628.781     4715.602
      19.259        0.000      628.781     4715.602
      19.279        0.000      628.781     4715.602
      19.307        0.000      628.781     4715.602
      19.325        0.000      628.781     4715.602
      19.343        0.000      628.781     4715.602
      19.362        0.000      628.781     4715.602
      19.380        0.000      628.781     4715.602
      19.409        0.000      628.781     4715.602
      19.431        0.000      628.781     4715.602
      19.450        0.000      628.781     4715.602
      19.468        0.000      628.781     4715.602
      19.487        0.000      628.781     4715.602
      19.521        0.000      628.781     4715.602
      19.547        0.000      628.781     4715.602
      19.567        0.000      628.781     4715.602
      19.597        0.000      628.781     4715.602
      19.617        0.000      628.781     4715.602
      19.636        0.000      628.781     4715.602
      19.655        0.000      628.781     4715.602
      19.674        0.000      628.781     4715.602
      19.703        0.000      628.781     4715.602
      19.725        0.000      628.781     4715.602
      19.743        0.000      628.781     4715.602
      19.776        0.000      628.781     4715.602
      19.798        0.000      628.809     4715.602
      19.818        0.000      628.809     4715.602
      19.837        0.000      628.809     4715.602
      19.855        0.000      628.809     4715.602
      19.875        0.000      628.809     4715.602
      19.894        0.000      628.809     4715.602
      19.912        0.000      628.809     4715.602
      19.931        0.000      628.809     4715.602
      19.961        0.000      628.809     4715.602
      19.982        0.000      628.809     4715.602
      20.012        0.000      628.809     4715.602
      20.032        0.000      628.809     4715.602
      20.051        0.000      628.809     4715.602
      20.069        0.000      628.809     4715.602
      20.088        0.000      628.809     4715.602
      20.107        0.000      628.809     4715.602
      20.126        0.000      628.809     4715.602
      20.144        0.000      628.809     4715.602
      20.163        0.000      628.809     4715.602
      20.182        0.000      628.809     4715.602
      20.201        0.000      628.809     4715.602
      20.219        0.000      628.809     4715.602
      20.239        0.000      628.809     4715.602
      20.257        0.000      628.809     4715.602
      20.276        0.000      628.809     4715.602
      20.295        0.000      628.809     4715.602
      20.314        0.000      628.809     4715.602
      20.332        0.000      628.809     4715.602
      20.351        0.000      628.809     4715.602
      20.383        0.000      628.809     4715.602
      20.413        0.000      628.809     4715.602
      20.433        0.000      628.809     4715.602
      20.462        0.000      628.809     4715.602
      20.482        0.000      628.809     4715.602
      20.500        0.000      628.809     4715.602
      20.532        0.000      628.809     4715.602
      20.552        0.000      628.809     4715.602
      20.570        0.000      628.809     4715.602
      20.589        0.000      628.809     4715.602
      20.607        0.000      628.809     4715.602
      20.639        0.000      628.809     4715.602
      20.660        0.000      628.809     4715.602
      20.679        0.000      628.809     4715.602
      20.698        0.000      628.809     4715.602
      20.717        0.000      628.809     4715.602
      20.735        0.000      628.809     4715.602
      20.766        0.000      628.809     4715.602
      20.784        0.000      628.859     4715.602
      20.803        0.000      628.859     4715.602
      20.821        0.000      628.859     4715.602
      20.840        0.000      628.859     4715.602
      20.858        0.000      628.859     4715.602
      20.877        0.000      628.859     4715.602
      20.895        0.000      628.859     4715.602
      20.913        0.000      628.859     4715.602
      20.932        0.000      628.859     4715.602
      20.965        0.000      628.859     4715.602
      20.995        0.000      628.859     4715.602
      21.022        0.000      628.859     4715.602
      21.041        0.000      628.859     4715.602
      21.059        0.000      628.859     4715.602
      21.077        0.000      628.859     4715.602
      21.095        0.000      629.020     4715.602
      21.114        0.000      629.902     4707.598
      21.135        0.000      629.902     4707.598
      21.157        0.000      564.500     4620.590
      21.179        0.000      564.500     4620.590
      21.201        0.000      564.504     4620.590
      21.222        0.000      564.504     4620.590
      21.245        0.000      564.504     4620.590
      21.267        0.000      564.504     4620.590
      21.288        0.000      565.547     4620.590
      21.307        0.000        0.676        4.402
      21.328        0.000        0.676        4.402
