# Elapsed time   CPU (%)     Real (MB)   Virtual (MB)
       0.001        0.000        2.453        8.805
       0.021        0.000       20.438      177.031
       0.044        0.000       22.496      177.031
       0.066        0.000       25.383      177.219
       0.088        0.000       30.504      177.469
       0.110        0.000       31.504      177.969
       0.132        0.000       34.363      177.969
       0.153        0.000       39.605      178.062
       0.172        0.000       43.836      187.941
       0.190        0.000       57.645      191.781
       0.209        0.000       58.801      210.633
       0.228        0.000       63.488      211.320
       0.247        0.000       78.805      362.527
       0.265        0.000       78.805      362.527
       0.284        0.000       78.805      362.527
       0.303        0.000       78.805      362.527
       0.321        0.000       78.805      362.527
       0.340        0.000       80.543      362.527
       0.358        0.000       81.801      363.527
       0.377        0.000       84.758      363.527
       0.396        0.000       84.758      363.527
       0.415        0.000       85.578      363.527
       0.433        0.000       85.578      363.527
       0.452        0.000       86.512      363.527
       0.470        0.000       86.512      363.527
       0.489        0.000       86.512      363.527
       0.508        0.000       86.512      363.527
       0.526        0.000       87.691      363.527
       0.545        0.000       87.691      363.527
       0.564        0.000       87.691      363.527
       0.582        0.000       88.918      363.527
       0.601        0.000       88.918      363.527
       0.619        0.000       88.918      363.527
       0.638        0.000       89.609      363.527
       0.657        0.000       89.609      363.527
       0.675        0.000       89.609      363.527
       0.694        0.000       89.609      363.527
       0.712        0.000       89.609      363.527
       0.731        0.000       90.836      363.527
       0.749        0.000       93.656      363.527
       0.768        0.000       93.656      363.527
       0.786        0.000       93.656      363.527
       0.805        0.000       93.656      363.527
       0.824        0.000       94.773      363.527
       0.842        0.000      111.605      527.227
       0.864        0.000      115.293      606.477
       0.885        0.000      115.988      605.934
       0.903        0.000      117.273      605.934
       0.922        0.000      118.047      605.934
       0.941        0.000      119.336      605.934
       0.960        0.000      124.625      605.988
       0.978        0.000      125.680      605.988
       0.997        0.000      127.797      605.988
       1.016        0.000      128.180      605.988
       1.034        0.000      128.258      605.988
       1.053        0.000      128.531      605.988
       1.072        0.000      128.617      605.988
       1.090        0.000      128.730      605.988
       1.109        0.000      128.832      605.988
       1.127        0.000      128.887      605.988
       1.146        0.000      129.012      605.988
       1.164        0.000      129.117      605.988
       1.183        0.000      129.191      605.988
       1.201        0.000      129.246      605.988
       1.220        0.000      129.383      605.988
       1.238        0.000      129.453      605.988
       1.257        0.000      129.410      605.988
       1.275        0.000      129.816      606.777
       1.294        0.000      131.508      609.848
       1.312        0.000      131.508      609.848
       1.331        0.000      133.008      609.848
       1.350        0.000      144.863      640.203
       1.369        0.000      152.879      856.941
       1.390        0.000      160.887      872.949
       1.413        0.000      166.992      872.949
       1.436        0.000      172.145      872.949
       1.458        0.000      177.816      872.949
       1.480        0.000      182.973      872.949
       1.500        0.000      188.129      872.949
       1.522        0.000      195.090      874.949
       1.544        0.000      198.559      874.949
       1.564        0.000      203.727      874.949
       1.586        0.000      208.484      874.949
       1.608        0.000      213.418      874.949
       1.631        0.000      218.891      874.949
       1.653        0.000      221.656      874.949
       1.671        0.000      224.422      874.949
       1.690        0.000      227.762      874.949
       1.708        0.000      230.527      874.949
       1.727        0.000      233.750      876.406
       1.745        0.000      236.969      876.910
       1.764        0.000      243.637      991.141
       1.783        0.000      251.512     3331.324
       1.801        0.000      253.902     3526.336
       1.820        0.000      254.992     3526.336
       1.839        0.000      255.508     3526.336
       1.857        0.000      256.023     3526.336
       1.876        0.000      258.562     3852.359
       1.896        0.000      259.750     3916.387
       1.915        0.000      261.684     3917.695
       1.936        0.000      264.902     3917.695
       1.955        0.000      266.090     3982.742
       1.976        0.000      269.125     3984.977
       1.999        0.000      270.148     3986.508
       2.017        0.000      273.492     3987.281
       2.036        0.000      277.586     3989.074
       2.056        0.000      277.586     3989.074
       2.075        0.000      280.164     3990.008
       2.097        0.000      285.371     3992.227
       2.118        0.000      285.676     3992.281
       2.138        0.000      290.230     3993.684
       2.160        0.000      291.605     3994.043
       2.178        0.000      291.879     3994.145
       2.197        0.000      299.250     4060.047
       2.219        0.000      302.184     4061.219
       2.242        0.000      306.512     4061.660
       2.265        0.000      313.738     4138.805
       2.289        0.000      333.840     4154.805
       2.314        0.000      353.418     4170.805
       2.339        0.000      373.520     4186.805
       2.365        0.000      392.332     4202.805
       2.391        0.000      399.578     4275.809
       2.416        0.000      401.379     4275.809
       2.441        0.000      403.953     4279.809
       2.466        0.000      404.801     4344.848
       2.497        0.000      408.484     4422.473
       2.533        0.000      410.730     4423.973
       2.559        0.000      413.648     4424.734
       2.582        0.000      419.465     4425.223
       2.604        0.000      420.957     4425.223
       2.626        0.000      422.062     4429.633
       2.647        0.000      422.062     4429.633
       2.666        0.000      422.062     4429.633
       2.684        0.000      423.602     4429.691
       2.703        0.000      425.199     4429.738
       2.726        0.000      431.629     4447.250
       2.744        0.000      434.723     4447.250
       2.763        0.000      439.105     4447.250
       2.782        0.000      434.969     4447.250
       2.801        0.000      434.969     4447.250
       2.819        0.000      436.512     4447.250
       2.838        0.000      436.512     4447.250
       2.856        0.000      436.512     4447.250
       2.875        0.000      440.258     4447.250
       2.894        0.000      441.285     4447.250
       2.912        0.000      442.059     4447.250
       2.930        0.000      443.605     4447.250
       2.949        0.000      445.410     4447.250
       2.967        0.000      446.441     4447.250
       2.986        0.000      447.730     4447.250
       3.004        0.000      448.762     4447.250
       3.023        0.000      450.309     4447.250
       3.045        0.000      451.855     4447.250
       3.067        0.000      453.293     4447.703
       3.086        0.000      454.117     4448.301
       3.106        0.000      455.898     4452.555
       3.127        0.000      455.898     4452.555
       3.146        0.000      455.898     4452.555
       3.165        0.000      455.898     4452.555
       3.184        0.000      457.531     4452.555
       3.202        0.000      458.141     4453.930
       3.221        0.000      459.535     4455.277
       3.241        0.000      460.906     4455.602
       3.260        0.000      461.473     4456.625
       3.279        0.000      461.730     4456.625
       3.300        0.000      464.215     4457.719
       3.319        0.000      466.918     4457.840
       3.337        0.000      473.879     4457.840
       3.357        0.000      475.203     4456.328
       3.378        0.000      475.770     4456.328
       3.397        0.000      476.246     4457.480
       3.415        0.000      476.375     4457.766
       3.434        0.000      477.277     4457.766
       3.453        0.000      477.902     4463.227
       3.471        0.000      477.902     4463.227
       3.491        0.000      480.461     4463.227
       3.509        0.000      480.461     4463.227
       3.528        0.000      480.461     4463.227
       3.546        0.000      480.461     4463.227
       3.564        0.000      480.461     4463.227
       3.583        0.000      480.461     4463.227
       3.601        0.000      480.461     4463.227
       3.619        0.000      480.461     4463.227
       3.638        0.000      480.461     4463.227
       3.656        0.000      480.461     4463.227
       3.674        0.000      480.461     4463.227
       3.693        0.000      480.461     4463.227
       3.711        0.000      480.461     4463.227
       3.729        0.000      480.461     4463.227
       3.748        0.000      482.086     4463.324
       3.766        0.000      482.355     4463.324
       3.785        0.000      482.355     4463.324
       3.804        0.000      482.355     4463.324
       3.822        0.000      482.355     4463.324
       3.840        0.000      482.355     4463.324
       3.859        0.000      482.355     4463.324
       3.877        0.000      482.355     4463.324
       3.895        0.000      482.355     4463.324
       3.914        0.000      482.355     4463.324
       3.932        0.000      482.355     4463.324
       3.950        0.000      482.355     4463.324
       3.969        0.000      482.355     4463.324
       3.987        0.000      482.355     4463.324
       4.005        0.000      482.402     4464.094
       4.024        0.000      518.770     4528.094
       4.043        0.000      540.426     4528.094
       4.061        0.000      543.004     4528.094
       4.080        0.000      546.098     4528.094
       4.098        0.000      548.934     4528.094
       4.116        0.000      551.770     4528.094
       4.135        0.000      553.059     4528.094
       4.155        0.000      556.926     4528.094
       4.173        0.000      556.926     4528.094
       4.192        0.000      556.926     4528.094
       4.210        0.000      556.926     4528.094
       4.228        0.000      556.926     4528.094
       4.247        0.000      556.926     4528.094
       4.265        0.000      556.926     4528.094
       4.284        0.000      557.207     4528.332
       4.303        0.000      563.602     4528.332
       4.323        0.000      563.602     4528.332
       4.344        0.000      572.426     4592.332
       4.364        0.000      593.105     4632.383
       4.384        0.000      617.855     4632.383
       4.403        0.000      627.910     4632.383
       4.422        0.000      627.910     4632.383
       4.441        0.000      627.910     4632.383
       4.460        0.000      627.910     4632.383
       4.480        0.000      629.199     4632.383
       4.500        0.000      630.230     4632.383
       4.520        0.000      631.262     4632.383
       4.541        0.000      632.035     4632.383
       4.563        0.000      632.809     4632.383
       4.584        0.000      633.324     4632.383
       4.606        0.000      634.098     4632.383
       4.628        0.000      634.871     4632.383
       4.650        0.000      635.645     4632.383
       4.672        0.000      636.160     4632.383
       4.694        0.000      636.676     4632.383
       4.717        0.000      637.449     4632.383
       4.740        0.000      637.965     4632.383
       4.762        0.000      638.480     4632.383
       4.785        0.000      638.996     4632.383
       4.808        0.000      639.512     4632.383
       4.830        0.000      640.027     4632.383
       4.853        0.000      640.543     4632.383
       4.876        0.000      641.059     4632.383
       4.899        0.000      641.574     4632.383
       4.922        0.000      641.832     4632.383
       4.945        0.000      642.090     4632.383
       4.968        0.000      642.090     4632.383
       4.991        0.000      604.066     4656.332
       5.011        0.000      608.188     4656.332
       5.031        0.000      619.789     4656.332
       5.050        0.000      640.930     4656.332
       5.069        0.000      644.023     4656.332
       5.087        0.000      644.023     4656.332
       5.106        0.000      608.074     4592.332
       5.125        0.000      608.074     4592.332
       5.145        0.000      608.074     4656.332
       5.165        0.000      609.102     4656.332
       5.185        0.000      620.703     4656.332
       5.203        0.000      637.203     4656.332
       5.223        0.000      646.227     4656.332
       5.243        0.000      659.633     4656.332
       5.261        0.000      659.891     4720.332
       5.280        0.000      664.016     4720.332
       5.300        0.000      673.555     4720.332
       5.320        0.000      677.270     5175.680
       5.338        0.000      677.270     5175.680
       5.357        0.000      677.270     5175.680
       5.376        0.000      677.270     5175.680
       5.394        0.000      677.270     5175.680
       5.413        0.000      678.145     5175.695
       5.432        0.000      678.344     5175.695
       5.449        0.000      685.242     5240.199
       5.471        0.000      696.574     5240.199
       5.493        0.000      706.949     5240.199
       5.515        0.000      717.262     5240.199
       5.536        0.000      727.574     5240.199
       5.558        0.000      738.918     5240.199
       5.580        0.000      748.969     5240.199
       5.602        0.000      758.508     5240.199
       5.624        0.000      769.078     5240.199
       5.646        0.000      779.648     5240.199
       5.667        0.000      789.703     5240.199
       5.689        0.000      799.242     5240.199
       5.710        0.000      809.039     5240.199
       5.731        0.000      818.578     5240.199
       5.754        0.000      830.438     5240.199
       5.776        0.000      837.930     5240.199
       5.798        0.000      844.633     5240.199
       5.821        0.000      852.270     5240.199
       5.845        0.000      856.590     5240.199
       5.868        0.000      860.973     5240.199
       5.892        0.000      865.613     5240.199
       5.916        0.000      869.480     5240.199
       5.940        0.000      875.926     5240.199
       5.963        0.000      883.145     5240.199
       5.985        0.000      893.199     5240.199
       6.007        0.000      904.543     5240.199
       6.029        0.000      913.566     5240.199
       6.052        0.000      914.598     5240.199
       6.076        0.000      925.426     5240.199
       6.098        0.000      935.996     5240.199
       6.119        0.000      945.020     5240.199
       6.143        0.000      955.074     5240.199
       6.164        0.000      965.387     5240.199
       6.186        0.000      975.441     5240.199
       6.207        0.000      985.754     5240.199
       6.230        0.000      995.547     5240.199
       6.253        0.000     1001.992     5240.199
       6.275        0.000     1012.820     5240.199
       6.297        0.000     1020.555     5240.199
       6.321        0.000     1022.617     5240.199
       6.343        0.000     1032.930     5240.199
       6.365        0.000     1039.633     5240.199
       6.388        0.000     1057.410     5240.199
       6.412        0.000     1058.699     5240.199
       6.436        0.000     1058.699     5240.199
       6.460        0.000     1059.074     5240.199
       6.482        0.000     1059.074     5240.199
       6.505        0.000     1059.074     5240.199
       6.529        0.000     1059.074     5240.199
       6.552        0.000      793.898     5240.199
       6.570        0.000      700.566     4869.590
       6.589        0.000      700.879     4869.590
       6.608        0.000      700.879     4869.590
       6.626        0.000      700.879     4869.590
       6.645        0.000      700.879     4869.590
       6.663        0.000      700.879     4869.590
       6.682        0.000      700.879     4869.590
       6.700        0.000      700.879     4869.590
       6.718        0.000      700.879     4869.590
       6.737        0.000      700.879     4869.590
       6.755        0.000      700.926     4869.590
       6.775        0.000      701.641     4869.590
       6.803        0.000      702.500     4872.410
       6.822        0.000      702.957     4872.410
       6.844        0.000      703.289     4872.410
       6.863        0.000      704.074     4876.586
       6.882        0.000      705.812     4846.562
       6.902        0.000      702.852     4843.602
       6.922        0.000      703.109     4843.602
       6.940        0.000      703.109     4843.602
       6.958        0.000      703.109     4843.602
       6.977        0.000      703.109     4843.602
       6.995        0.000      703.109     4843.602
       7.013        0.000      703.109     4843.602
       7.031        0.000      703.109     4843.602
       7.060        0.000      703.109     4843.602
       7.089        0.000      703.109     4843.602
       7.113        0.000      703.109     4843.602
       7.132        0.000      703.109     4843.602
       7.150        0.000      703.109     4843.602
       7.169        0.000      703.109     4843.602
       7.187        0.000      703.109     4843.602
       7.217        0.000      703.109     4843.602
       7.239        0.000      703.109     4843.602
       7.259        0.000      703.109     4843.602
       7.277        0.000      703.109     4843.602
       7.295        0.000      703.109     4843.602
       7.313        0.000      703.109     4843.602
       7.332        0.000      703.109     4843.602
       7.362        0.000      703.109     4843.602
       7.388        0.000      703.109     4843.602
       7.416        0.000      703.109     4843.602
       7.443        0.000      703.109     4843.602
       7.462        0.000      703.109     4843.602
       7.480        0.000      703.109     4843.602
       7.499        0.000      703.109     4843.602
       7.517        0.000      703.109     4843.602
       7.535        0.000      703.109     4843.602
       7.553        0.000      703.109     4843.602
       7.571        0.000      703.109     4843.602
       7.603        0.000      703.109     4843.602
       7.625        0.000      703.109     4843.602
       7.656        0.000      703.109     4843.602
       7.683        0.000      703.109     4843.602
       7.712        0.000      703.109     4843.602
       7.732        0.000      703.109     4843.602
       7.751        0.000      703.109     4843.602
       7.770        0.000      703.109     4843.602
       7.789        0.000      703.109     4843.602
       7.808        0.000      703.109     4843.602
       7.826        0.000      703.109     4843.602
       7.844        0.000      703.109     4843.602
       7.862        0.000      703.109     4843.602
       7.881        0.000      703.109     4843.602
       7.899        0.000      703.109     4843.602
       7.917        0.000      703.281     4843.602
       7.936        0.000      703.281     4843.602
       7.955        0.000      703.281     4843.602
       7.987        0.000      703.281     4843.602
       8.009        0.000      703.281     4843.602
       8.029        0.000      703.281     4843.602
       8.050        0.000      703.281     4843.602
       8.070        0.000      703.281     4843.602
       8.090        0.000      703.281     4843.602
       8.121        0.000      703.281     4843.602
       8.141        0.000      703.281     4843.602
       8.171        0.000      703.281     4843.602
       8.191        0.000      703.281     4843.602
       8.209        0.000      703.281     4843.602
       8.227        0.000      703.281     4843.602
       8.246        0.000      703.281     4843.602
       8.278        0.000      703.281     4843.602
       8.299        0.000      703.281     4843.602
       8.317        0.000      703.281     4843.602
       8.347        0.000      703.281     4843.602
       8.367        0.000      703.281     4843.602
       8.387        0.000      703.281     4843.602
       8.420        0.000      703.281     4843.602
       8.448        0.000      703.281     4843.602
       8.469        0.000      703.281     4843.602
       8.488        0.000      703.281     4843.602
       8.519        0.000      703.281     4843.602
       8.541        0.000      703.281     4843.602
       8.572        0.000      703.281     4843.602
       8.592        0.000      703.281     4843.602
       8.611        0.000      703.281     4843.602
       8.629        0.000      703.281     4843.602
       8.647        0.000      703.281     4843.602
       8.665        0.000      703.281     4843.602
       8.684        0.000      703.281     4843.602
       8.702        0.000      703.281     4843.602
       8.735        0.000      703.281     4843.602
       8.756        0.000      703.281     4843.602
       8.787        0.000      703.281     4843.602
       8.816        0.000      703.281     4843.602
       8.844        0.000      703.281     4843.602
       8.863        0.000      703.281     4843.602
       8.881        0.000      703.281     4843.602
       8.912        0.000      703.316     4843.602
       8.933        0.000      703.316     4843.602
       8.952        0.000      703.316     4843.602
       8.970        0.000      703.316     4843.602
       8.989        0.000      703.316     4843.602
       9.007        0.000      703.316     4843.602
       9.025        0.000      703.316     4843.602
       9.043        0.000      703.316     4843.602
       9.062        0.000      703.316     4843.602
       9.080        0.000      703.316     4843.602
       9.098        0.000      703.316     4843.602
       9.116        0.000      703.316     4843.602
       9.135        0.000      703.316     4843.602
       9.169        0.000      703.316     4843.602
       9.192        0.000      703.316     4843.602
       9.211        0.000      703.316     4843.602
       9.231        0.000      703.918     4843.602
       9.262        0.000      704.301     4835.598
       9.285        0.000      639.801     4761.594
       9.307        0.000      636.922     4746.590
       9.325        0.000      636.926     4746.590
       9.345        0.000      636.926     4746.590
       9.364        0.000      636.926     4746.590
       9.382        0.000      636.926     4746.590
       9.401        0.000      639.031     4726.512
       9.419        0.000        0.762        4.402
