# Elapsed time   CPU (%)     Real (MB)   Virtual (MB)
       0.000        0.000        8.664      154.035
       0.023        0.000       20.996      177.031
       0.046        0.000       22.430      177.031
       0.069        0.000       25.207      177.219
       0.091        0.000       30.301      177.469
       0.113        0.000       31.543      177.969
       0.136        0.000       34.281      177.969
       0.157        0.000       39.547      178.062
       0.175        0.000       48.641      188.324
       0.194        0.000       58.910      210.633
       0.213        0.000       58.910      210.633
       0.231        0.000       68.422      291.633
       0.251        0.000       79.137      362.527
       0.270        0.000       79.137      362.527
       0.288        0.000       79.137      362.527
       0.307        0.000       79.137      362.527
       0.326        0.000       80.375      362.527
       0.344        0.000       81.902      363.527
       0.363        0.000       82.141      363.527
       0.382        0.000       85.211      363.527
       0.400        0.000       85.211      363.527
       0.419        0.000       85.883      363.527
       0.438        0.000       85.883      363.527
       0.456        0.000       86.805      363.527
       0.475        0.000       86.805      363.527
       0.494        0.000       86.805      363.527
       0.512        0.000       86.805      363.527
       0.531        0.000       87.984      363.527
       0.550        0.000       87.984      363.527
       0.569        0.000       87.984      363.527
       0.587        0.000       89.000      363.527
       0.606        0.000       89.000      363.527
       0.625        0.000       89.000      363.527
       0.643        0.000       89.641      363.527
       0.662        0.000       89.641      363.527
       0.680        0.000       89.641      363.527
       0.699        0.000       89.641      363.527
       0.718        0.000       89.641      363.527
       0.736        0.000       91.004      363.527
       0.755        0.000       93.781      363.527
       0.774        0.000       93.781      363.527
       0.792        0.000       93.781      363.527
       0.811        0.000       94.855      363.527
       0.830        0.000       98.656      367.508
       0.848        0.000      112.820      527.227
       0.871        0.000      116.438      605.934
       0.890        0.000      116.691      605.934
       0.908        0.000      117.723      605.934
       0.927        0.000      118.754      605.934
       0.946        0.000      124.672      605.988
       0.968        0.000      127.191      605.988
       0.991        0.000      128.238      605.988
       1.011        0.000      128.715      605.988
       1.029        0.000      129.102      605.988
       1.048        0.000      128.996      605.988
       1.067        0.000      129.125      605.988
       1.085        0.000      129.195      605.988
       1.104        0.000      129.281      605.988
       1.123        0.000      129.379      605.988
       1.141        0.000      129.453      605.988
       1.160        0.000      129.574      605.988
       1.179        0.000      129.641      605.988
       1.198        0.000      129.723      605.988
       1.216        0.000      129.793      605.988
       1.235        0.000      129.793      605.988
       1.253        0.000      129.793      605.988
       1.272        0.000      131.887      609.848
       1.291        0.000      131.887      609.848
       1.309        0.000      133.406      609.848
       1.328        0.000      145.223      640.203
       1.348        0.000      152.902      856.941
       1.369        0.000      161.379      872.949
       1.391        0.000      166.594      872.949
       1.416        0.000      172.777      872.949
       1.437        0.000      177.934      872.949
       1.459        0.000      180.512      872.949
       1.478        0.000      186.551      874.949
       1.500        0.000      192.344      874.949
       1.522        0.000      197.043      874.949
       1.544        0.000      202.586      874.949
       1.565        0.000      209.008      874.949
       1.588        0.000      215.113      874.949
       1.611        0.000      222.051      874.949
       1.636        0.000      224.281      874.949
       1.654        0.000      226.930      874.949
       1.673        0.000      228.945      874.949
       1.691        0.000      232.660      874.949
       1.709        0.000      236.141      876.910
       1.728        0.000      238.156      876.910
       1.747        0.000      245.418      995.379
       1.765        0.000      253.176     3396.328
       1.784        0.000      255.191     3526.336
       1.803        0.000      255.707     3526.336
       1.821        0.000      256.223     3526.336
       1.840        0.000      256.738     3526.336
       1.859        0.000      260.121     3916.387
       1.882        0.000      261.371     3916.422
       1.905        0.000      262.438     3917.695
       1.923        0.000      266.434     3982.727
       1.947        0.000      268.297     3983.688
       1.971        0.000      271.359     3986.508
       1.992        0.000      271.359     3986.508
       2.010        0.000      277.098     3988.449
       2.033        0.000      278.133     3989.074
       2.051        0.000      282.586     3991.152
       2.075        0.000      285.902     3992.227
       2.093        0.000      286.781     3992.375
       2.113        0.000      290.762     3993.691
       2.138        0.000      292.133     3994.043
       2.156        0.000      295.207     4059.199
       2.174        0.000      301.516     4061.160
       2.195        0.000      303.613     4061.219
       2.218        0.000      308.184     4062.801
       2.241        0.000      319.242     4142.805
       2.264        0.000      338.832     4158.805
       2.289        0.000      358.148     4174.805
       2.313        0.000      376.191     4190.805
       2.340        0.000      395.520     4206.805
       2.365        0.000      399.633     4275.809
       2.386        0.000      401.434     4275.809
       2.406        0.000      404.066     4279.809
       2.425        0.000      404.648     4344.848
       2.449        0.000      405.441     4344.996
       2.472        0.000      409.316     4422.953
       2.495        0.000      410.410     4423.973
       2.519        0.000      413.781     4424.734
       2.541        0.000      419.723     4424.855
       2.563        0.000      421.270     4425.223
       2.585        0.000      422.348     4429.633
       2.608        0.000      422.348     4429.633
       2.631        0.000      422.348     4429.633
       2.654        0.000      423.977     4429.691
       2.677        0.000      424.664     4429.738
       2.699        0.000      432.188     4447.250
       2.721        0.000      436.055     4447.250
       2.743        0.000      435.445     4447.250
       2.765        0.000      435.445     4447.250
       2.786        0.000      436.988     4447.250
       2.808        0.000      438.133     4447.250
       2.828        0.000      441.512     4447.250
       2.846        0.000      442.539     4447.250
       2.864        0.000      442.797     4447.250
       2.883        0.000      444.602     4447.250
       2.901        0.000      445.891     4447.250
       2.920        0.000      447.438     4447.250
       2.938        0.000      448.211     4447.250
       2.957        0.000      449.242     4447.250
       2.975        0.000      450.531     4447.250
       2.994        0.000      452.078     4447.250
       3.012        0.000      453.746     4447.703
       3.035        0.000      454.586     4448.301
       3.058        0.000      456.102     4452.555
       3.082        0.000      456.102     4452.555
       3.105        0.000      456.102     4452.555
       3.128        0.000      457.645     4452.555
       3.151        0.000      458.375     4453.930
       3.174        0.000      458.375     4453.930
       3.196        0.000      460.895     4455.277
       3.218        0.000      461.262     4455.602
       3.237        0.000      461.898     4456.625
       3.260        0.000      464.148     4457.504
       3.279        0.000      465.316     4457.840
       3.297        0.000      467.770     4457.840
       3.317        0.000      474.988     4457.840
       3.335        0.000      475.281     4456.328
       3.358        0.000      476.164     4457.328
       3.379        0.000      476.406     4457.480
       3.398        0.000      477.535     4457.766
       3.416        0.000      478.086     4463.227
       3.435        0.000      478.086     4463.227
       3.454        0.000      480.004     4463.227
       3.476        0.000      481.242     4463.227
       3.494        0.000      481.242     4463.227
       3.513        0.000      481.242     4463.227
       3.532        0.000      482.215     4463.324
       3.550        0.000      482.215     4463.324
       3.569        0.000      482.262     4464.094
       3.587        0.000      489.762     4464.094
       3.606        0.000      489.840     4464.332
       3.625        0.000      499.656     4471.527
       3.644        0.000      500.688     4471.527
       3.664        0.000      501.203     4471.527
       3.684        0.000      502.117     4468.086
       3.703        0.000      505.734     4584.457
       3.722        0.000      506.855     4584.457
       3.741        0.000      506.855     4584.457
       3.760        0.000      506.855     4584.457
       3.778        0.000      506.855     4584.457
       3.797        0.000      507.703     4584.473
       3.816        0.000      507.914     4584.473
       3.835        0.000      509.203     4588.992
       3.853        0.000      517.609     4674.504
       3.876        0.000      525.586     4674.625
       3.900        0.000      533.512     4674.625
       3.924        0.000      545.965     4688.582
       3.946        0.000      546.738     4688.582
       3.967        0.000      546.738     4688.582
       3.989        0.000      511.738     4653.195
       4.012        0.000      511.738     4653.195
       4.034        0.000      511.738     4653.195
       4.057        0.000      511.738     4653.195
       4.080        0.000      511.738     4653.195
       4.103        0.000      511.738     4653.195
       4.125        0.000      511.738     4653.195
       4.148        0.000      511.738     4653.195
       4.171        0.000      511.738     4653.195
       4.193        0.000      511.738     4653.195
       4.212        0.000      511.801     4653.195
       4.232        0.000      512.969     4653.195
       4.264        0.000      513.883     4656.016
       4.283        0.000      514.152     4656.016
       4.304        0.000      514.719     4656.016
       4.326        0.000      517.250     4630.168
       4.349        0.000      517.289     4630.168
       4.371        0.000      514.328     4627.207
       4.395        0.000      514.582     4627.207
       4.415        0.000      514.582     4627.207
       4.434        0.000      514.582     4627.207
       4.452        0.000      514.582     4627.207
       4.482        0.000      514.582     4627.207
       4.502        0.000      514.582     4627.207
       4.520        0.000      514.582     4627.207
       4.549        0.000      514.582     4627.207
       4.575        0.000      514.582     4627.207
       4.601        0.000      514.582     4627.207
       4.619        0.000      514.582     4627.207
       4.638        0.000      514.582     4627.207
       4.657        0.000      514.582     4627.207
       4.675        0.000      514.582     4627.207
       4.693        0.000      514.582     4627.207
       4.712        0.000      514.582     4627.207
       4.730        0.000      514.582     4627.207
       4.748        0.000      514.582     4627.207
       4.766        0.000      514.582     4627.207
       4.785        0.000      514.582     4627.207
       4.803        0.000      514.582     4627.207
       4.821        0.000      514.582     4627.207
       4.839        0.000      514.582     4627.207
       4.857        0.000      514.582     4627.207
       4.888        0.000      514.582     4627.207
       4.917        0.000      514.582     4627.207
       4.937        0.000      514.582     4627.207
       4.956        0.000      514.582     4627.207
       4.975        0.000      514.582     4627.207
       5.004        0.000      514.582     4627.207
       5.033        0.000      514.582     4627.207
       5.051        0.000      514.582     4627.207
       5.069        0.000      514.582     4627.207
       5.087        0.000      514.582     4627.207
       5.106        0.000      514.582     4627.207
       5.124        0.000      514.582     4627.207
       5.142        0.000      514.582     4627.207
       5.174        0.000      514.582     4627.207
       5.196        0.000      514.582     4627.207
       5.216        0.000      514.582     4627.207
       5.236        0.000      514.582     4627.207
       5.256        0.000      514.582     4627.207
       5.286        0.000      514.582     4627.207
       5.307        0.000      514.582     4627.207
       5.327        0.000      514.582     4627.207
       5.356        0.000      514.582     4627.207
       5.378        0.000      514.582     4627.207
       5.398        0.000      514.621     4627.207
       5.418        0.000      514.621     4627.207
       5.438        0.000      514.621     4627.207
       5.458        0.000      514.621     4627.207
       5.478        0.000      514.621     4627.207
       5.508        0.000      514.621     4627.207
       5.536        0.000      514.621     4627.207
       5.556        0.000      514.621     4627.207
       5.574        0.000      514.621     4627.207
       5.606        0.000      514.621     4627.207
       5.628        0.000      514.621     4627.207
       5.647        0.000      514.621     4627.207
       5.666        0.000      514.621     4627.207
       5.684        0.000      514.621     4627.207
       5.703        0.000      514.621     4627.207
       5.735        0.000      514.621     4627.207
       5.757        0.000      514.621     4627.207
       5.778        0.000      514.621     4627.207
       5.796        0.000      514.621     4627.207
       5.814        0.000      514.621     4627.207
       5.833        0.000      514.621     4627.207
       5.851        0.000      514.621     4627.207
       5.869        0.000      514.621     4627.207
       5.888        0.000      514.621     4627.207
       5.920        0.000      514.621     4627.207
       5.943        0.000      514.621     4627.207
       5.963        0.000      514.621     4627.207
       5.983        0.000      514.621     4627.207
       6.004        0.000      514.621     4627.207
       6.033        0.000      514.621     4627.207
       6.053        0.000      514.621     4627.207
       6.084        0.000      514.621     4627.207
       6.104        0.000      514.621     4627.207
       6.123        0.000      514.621     4627.207
       6.142        0.000      514.621     4627.207
       6.161        0.000      514.621     4627.207
       6.180        0.000      514.621     4627.207
       6.199        0.000      514.621     4627.207
       6.217        0.000      514.621     4627.207
       6.248        0.000      514.621     4627.207
       6.268        0.000      514.621     4627.207
       6.287        0.000      514.621     4627.207
       6.306        0.000      514.621     4627.207
       6.324        0.000      514.621     4627.207
       6.342        0.000      514.621     4627.207
       6.374        0.000      514.621     4627.207
       6.394        0.000      514.672     4627.207
       6.412        0.000      514.672     4627.207
       6.431        0.000      514.672     4627.207
       6.449        0.000      514.672     4627.207
       6.467        0.000      514.672     4627.207
       6.486        0.000      514.672     4627.207
       6.504        0.000      514.672     4627.207
       6.522        0.000      514.672     4627.207
       6.541        0.000      514.672     4627.207
       6.559        0.000      514.672     4627.207
       6.578        0.000      514.672     4627.207
       6.612        0.000      514.672     4627.207
       6.642        0.000      514.672     4627.207
       6.661        0.000      514.672     4627.207
       6.679        0.000      514.672     4627.207
       6.697        0.000      515.137     4627.207
       6.716        0.000      515.793     4619.203
       6.737        0.000      452.344     4555.203
       6.759        0.000      447.438     4529.195
       6.777        0.000      447.441     4529.195
       6.796        0.000      447.441     4529.195
       6.815        0.000      447.441     4529.195
       6.833        0.000      447.441     4529.195
       6.852        0.000        0.688        4.402
       6.871        0.000        0.688        4.402
