# Elapsed time   CPU (%)     Real (MB)   Virtual (MB)
       0.001        0.000       14.590       62.988
       0.019        0.000       21.707       76.066
       0.038        0.000       29.781      101.430
       0.057        0.000       34.230      107.891
       0.078        0.000       34.477      110.824
       0.098        0.000       35.551      110.824
       0.116        0.000       36.883      114.293
       0.135        0.000       37.914      115.395
       0.153        0.000       38.480      116.031
       0.172        0.000       40.285      117.824
       0.193        0.000       44.832      124.598
       0.211        0.000       47.355      126.984
       0.230        0.000       45.969      125.680
       0.249        0.000       45.969      125.680
       0.269        0.000       50.348      130.211
       0.287        0.000       52.410      132.016
       0.306        0.000       53.184      133.113
       0.324        0.000       53.184      133.113
       0.344        0.000       53.184      133.246
       0.364        0.000       59.629      139.516
       0.382        0.000       63.238      143.102
       0.401        0.000       63.496      143.371
       0.420        0.000       63.496      143.371
       0.443        0.000       63.754      143.566
       0.464        0.000       63.754      143.566
       0.486        0.000       63.754      143.566
       0.508        0.000       70.973      150.641
       0.528        0.000       71.746      151.465
       0.547        0.000       72.520      152.254
       0.566        0.000       72.520      152.383
       0.586        0.000       72.520      152.383
       0.608        0.000       72.520      152.383
       0.629        0.000       72.520      152.383
       0.649        0.000       78.965      158.699
       0.668        0.000       82.832      162.695
       0.686        0.000       82.832      162.695
       0.704        0.000       83.863      163.723
       0.723        0.000       83.863      163.723
       0.741        0.000       83.863      163.723
       0.760        0.000       84.121      164.027
       0.779        0.000       85.668      165.566
       0.797        0.000       86.184      166.113
       0.815        0.000       86.184      166.113
       0.834        0.000       86.184      166.113
       0.853        0.000       86.184      166.113
       0.874        0.000       86.184      166.113
       0.895        0.000       86.438      168.453
       0.917        0.000       86.438      168.453
       0.938        0.000       90.387      172.332
       0.962        0.000       96.316      178.391
       0.983        0.000       99.410      181.387
       1.004        0.000       99.668      181.645
       1.028        0.000       99.668      185.270
       1.047        0.000       99.668      185.270
       1.069        0.000       99.668      185.270
       1.094        0.000       99.668      188.895
       1.117        0.000       99.668      188.895
       1.143        0.000       99.668      188.895
       1.166        0.000       99.668      188.895
       1.192        0.000       99.926      196.141
       1.213        0.000      100.184      196.141
       1.233        0.000      100.441      196.141
       1.252        0.000      100.699      196.141
       1.273        0.000      100.957      196.141
       1.294        0.000      101.215      196.141
       1.313        0.000      101.473      196.141
       1.331        0.000      101.988      196.141
       1.350        0.000      102.246      196.141
       1.370        0.000      102.504      196.141
       1.391        0.000      102.762      196.141
       1.412        0.000      103.020      196.141
       1.431        0.000      103.277      196.141
       1.449        0.000      103.535      196.141
       1.468        0.000      103.793      196.141
       1.489        0.000      104.051      196.141
       1.510        0.000      104.309      196.141
       1.530        0.000      104.566      196.141
       1.548        0.000      104.824      196.141
       1.566        0.000      105.082      196.141
       1.585        0.000      105.340      196.141
       1.606        0.000      105.855      196.141
       1.627        0.000      106.113      196.141
       1.646        0.000      106.371      196.141
       1.665        0.000      106.629      196.141
       1.683        0.000      106.887      196.141
       1.702        0.000      107.145      196.141
       1.724        0.000      107.402      196.141
       1.745        0.000      107.660      196.141
       1.767        0.000      107.918      196.141
       1.790        0.000      108.176      196.141
       1.808        0.000      108.434      196.141
       1.827        0.000      108.691      196.141
       1.845        0.000      108.949      196.141
       1.863        0.000      109.465      196.141
       1.882        0.000      109.723      196.141
       1.900        0.000      109.980      196.141
       1.919        0.000      110.238      196.141
       1.937        0.000      110.496      196.141
       1.955        0.000      110.754      196.141
       1.974        0.000      111.012      196.141
       1.992        0.000      111.270      196.141
       2.010        0.000      111.785      196.141
       2.028        0.000      112.043      196.141
       2.047        0.000      112.301      196.141
       2.065        0.000      112.559      196.141
       2.083        0.000      112.816      196.141
       2.101        0.000      113.074      196.141
       2.120        0.000      113.332      196.141
       2.138        0.000      113.590      196.141
       2.156        0.000      114.105      196.141
       2.175        0.000      117.715      199.766
       2.193        0.000      117.715      199.766
       2.213        0.000      114.215      196.141
       2.233        0.000      125.039      207.016
       2.253        0.000      125.039      207.016
       2.275        0.000      125.039      207.016
       2.295        0.000      123.230      207.012
       2.315        0.000      132.254      214.258
       2.338        0.000      146.805      228.746
       2.360        0.000      154.316      243.234
       2.382        0.000      161.277      243.234
       2.405        0.000      161.277      243.234
       2.428        0.000      157.840      239.609
       2.448        0.000      137.035      222.578
       2.466        0.000      137.293      222.578
       2.485        0.000      137.809      222.578
       2.503        0.000      138.066      222.578
       2.522        0.000      138.582      222.578
       2.541        0.000      139.098      222.578
       2.560        0.000      135.953      219.762
       2.579        0.000      138.016      219.762
       2.597        0.000      154.000      655.758
       2.616        0.000      212.523      655.758
       2.635        0.000      271.562      655.758
       2.654        0.000      330.086      655.758
       2.673        0.000      385.258      655.758
       2.692        0.000      418.516      655.758
       2.711        0.000      418.773      655.758
       2.729        0.000      419.031      655.758
       2.748        0.000      419.289      655.758
       2.767        0.000      419.547      655.758
       2.787        0.000      419.805      655.758
       2.806        0.000      420.062      655.758
       2.825        0.000      420.062      655.758
       2.844        0.000      420.320      655.758
       2.864        0.000      420.320      655.758
       2.883        0.000      420.578      655.758
       2.902        0.000      420.578      655.758
       2.922        0.000      420.578      655.758
       2.940        0.000      420.578      655.758
       2.959        0.000      420.578      655.758
       2.979        0.000      420.836      655.758
       2.998        0.000      420.836      655.758
       3.017        0.000      420.836      655.758
       3.036        0.000      421.094      655.758
       3.055        0.000      421.094      655.758
       3.074        0.000      421.094      655.758
       3.093        0.000      421.352      655.758
       3.112        0.000      421.352      655.758
       3.131        0.000      421.352      655.758
       3.150        0.000      421.352      655.758
       3.169        0.000      421.609      655.758
       3.188        0.000      421.609      655.758
       3.207        0.000      421.609      655.758
       3.226        0.000      421.609      655.758
       3.245        0.000      421.867      655.758
       3.264        0.000      421.867      655.758
       3.283        0.000      421.867      655.758
       3.302        0.000      422.125      655.758
       3.322        0.000      422.383      655.758
       3.341        0.000      422.383      655.758
       3.360        0.000      422.383      655.758
       3.379        0.000      422.383      655.758
       3.398        0.000      422.641      655.758
       3.417        0.000      422.641      655.758
       3.436        0.000      422.641      655.758
       3.455        0.000      422.898      655.758
       3.475        0.000      422.898      655.758
       3.494        0.000      422.898      655.758
       3.513        0.000      422.898      655.758
       3.532        0.000      423.156      655.758
       3.552        0.000      423.156      655.758
       3.571        0.000      423.156      655.758
       3.590        0.000      423.156      655.758
       3.609        0.000      423.156      655.758
       3.628        0.000      423.414      655.758
       3.647        0.000      423.414      655.758
       3.666        0.000      423.414      655.758
       3.685        0.000      423.672      655.758
       3.704        0.000      423.930      655.758
       3.724        0.000      424.188      655.758
       3.743        0.000      424.445      655.758
       3.762        0.000      424.703      655.758
       3.780        0.000      424.961      655.758
       3.799        0.000      425.477      655.758
       3.818        0.000      425.734      655.758
       3.838        0.000      425.992      655.758
       3.857        0.000      425.992      655.758
       3.876        0.000      425.992      655.758
       3.895        0.000      426.250      655.758
       3.914        0.000      426.508      655.758
       3.933        0.000      426.508      655.758
       3.952        0.000      426.766      655.758
       3.971        0.000      427.023      655.758
       3.991        0.000      427.281      655.758
       4.010        0.000      427.539      655.758
       4.029        0.000      427.539      655.758
       4.048        0.000      427.797      655.758
       4.068        0.000      427.797      655.758
       4.087        0.000      428.055      655.758
       4.106        0.000      428.055      655.758
       4.125        0.000      428.312      655.758
       4.145        0.000      428.312      655.758
       4.164        0.000      428.570      655.758
       4.183        0.000      428.570      655.758
       4.202        0.000      428.570      655.758
       4.221        0.000      428.828      655.758
       4.240        0.000      428.828      655.758
       4.259        0.000      429.086      655.758
       4.278        0.000      429.086      655.758
       4.298        0.000      429.344      655.758
       4.317        0.000      429.344      655.758
       4.336        0.000      429.602      655.758
       4.355        0.000      429.859      655.758
       4.374        0.000      430.117      655.758
       4.392        0.000      430.375      655.758
       4.412        0.000      430.375      655.758
       4.431        0.000      430.891      655.758
       4.450        0.000      430.891      655.758
       4.469        0.000      431.148      655.758
       4.488        0.000      431.406      655.758
       4.507        0.000      431.922      655.758
       4.526        0.000      432.180      655.758
       4.545        0.000      432.180      655.758
       4.564        0.000      432.438      655.758
       4.584        0.000      432.438      655.758
       4.603        0.000      432.695      655.758
       4.622        0.000      432.695      655.758
       4.641        0.000      432.953      655.758
       4.660        0.000      432.953      655.758
       4.679        0.000      432.953      655.758
       4.699        0.000      433.211      655.758
       4.718        0.000      433.211      655.758
       4.737        0.000      433.469      655.758
       4.756        0.000      433.469      655.758
       4.775        0.000      433.469      655.758
       4.794        0.000      433.727      655.758
       4.814        0.000      433.727      655.758
       4.833        0.000      433.984      655.758
       4.852        0.000      433.984      655.758
       4.872        0.000      434.242      655.758
       4.891        0.000      434.242      655.758
       4.910        0.000      434.242      655.758
       4.930        0.000      434.500      655.758
       4.949        0.000      434.758      655.758
       4.967        0.000      435.016      655.758
       4.986        0.000      435.273      655.758
       5.005        0.000      435.273      655.758
       5.024        0.000      435.531      655.758
       5.044        0.000      435.789      655.758
       5.063        0.000      435.789      655.758
       5.082        0.000      436.047      655.758
       5.101        0.000      436.047      655.758
       5.120        0.000      436.305      655.758
       5.139        0.000      436.305      655.758
       5.158        0.000      436.562      655.758
       5.177        0.000      436.562      655.758
       5.196        0.000      436.820      655.758
       5.215        0.000      436.820      655.758
       5.234        0.000      436.820      655.758
       5.253        0.000      437.078      655.758
       5.273        0.000      437.078      655.758
       5.292        0.000      437.336      655.758
       5.311        0.000      437.594      655.758
       5.330        0.000      437.594      655.758
       5.350        0.000      437.594      655.758
       5.369        0.000      437.594      655.758
       5.388        0.000      437.852      655.758
       5.407        0.000      437.852      655.758
       5.426        0.000      438.109      655.758
       5.445        0.000      438.367      655.758
       5.464        0.000      438.625      655.758
       5.483        0.000      438.883      655.758
       5.502        0.000      438.883      655.758
       5.521        0.000      439.141      655.758
       5.540        0.000      439.141      655.758
       5.560        0.000      439.141      655.758
       5.579        0.000      439.398      655.758
       5.598        0.000      439.398      655.758
       5.617        0.000      439.398      655.758
       5.636        0.000      439.398      655.758
       5.655        0.000      439.656      655.758
       5.675        0.000      439.656      655.758
       5.694        0.000      439.656      655.758
       5.713        0.000      439.656      655.758
       5.732        0.000      439.656      655.758
       5.751        0.000      439.656      655.758
       5.770        0.000      439.656      655.758
       5.789        0.000      439.914      655.758
       5.808        0.000      439.914      655.758
       5.827        0.000      439.914      655.758
       5.846        0.000      440.172      655.758
       5.867        0.000      440.172      655.758
       5.886        0.000      440.172      655.758
       5.905        0.000      440.172      655.758
       5.924        0.000      440.430      655.758
       5.943        0.000      440.430      655.758
       5.962        0.000      440.430      655.758
       5.982        0.000      440.430      655.758
       6.001        0.000      440.430      655.758
       6.020        0.000      440.688      655.758
       6.039        0.000      440.688      655.758
       6.058        0.000      440.945      655.758
       6.077        0.000      440.945      655.758
       6.096        0.000      441.203      655.758
       6.115        0.000      441.461      655.758
       6.134        0.000      441.719      655.758
       6.153        0.000      441.977      655.758
       6.172        0.000      441.977      655.758
       6.192        0.000      442.234      655.758
       6.211        0.000      442.234      655.758
       6.230        0.000      442.492      655.758
       6.249        0.000      442.492      655.758
       6.268        0.000      442.750      655.758
       6.287        0.000      443.008      655.758
       6.306        0.000      443.008      655.758
       6.325        0.000      443.266      655.758
       6.344        0.000      443.523      655.758
       6.364        0.000      443.781      655.758
       6.383        0.000      444.297      655.758
       6.402        0.000      444.555      655.758
       6.422        0.000      444.812      655.758
       6.441        0.000      445.070      655.758
       6.460        0.000      445.328      655.758
       6.479        0.000      445.586      655.758
       6.498        0.000      446.102      655.758
       6.517        0.000      446.359      655.758
       6.536        0.000      446.617      655.758
       6.555        0.000      446.617      655.758
       6.574        0.000      446.875      655.758
       6.594        0.000      447.133      655.758
       6.613        0.000      447.391      655.758
       6.632        0.000      447.648      655.758
       6.651        0.000      447.648      655.758
       6.670        0.000      447.906      655.758
       6.689        0.000      448.164      655.758
       6.709        0.000      448.680      655.758
       6.727        0.000      448.938      655.758
       6.746        0.000      449.195      655.758
       6.766        0.000      449.453      655.758
       6.785        0.000      449.969      655.758
       6.804        0.000      449.969      655.758
       6.823        0.000      450.227      655.758
       6.842        0.000      450.484      655.758
       6.861        0.000      450.742      655.758
       6.881        0.000      451.000      655.758
       6.900        0.000      451.000      655.758
       6.920        0.000      451.258      655.758
       6.939        0.000      451.516      655.758
       6.958        0.000      451.773      655.758
       6.977        0.000      451.773      655.758
       6.997        0.000      452.031      655.758
       7.016        0.000      452.289      655.758
       7.035        0.000      452.547      655.758
       7.054        0.000      452.547      655.758
       7.073        0.000      452.805      655.758
       7.092        0.000      453.062      655.758
       7.112        0.000      453.062      655.758
       7.131        0.000      453.320      655.758
       7.150        0.000      453.578      655.758
       7.169        0.000      453.578      655.758
       7.188        0.000      453.836      655.758
       7.207        0.000      453.836      655.758
       7.226        0.000      454.094      655.758
       7.245        0.000      454.094      655.758
       7.264        0.000      454.352      655.758
       7.284        0.000      454.352      655.758
       7.303        0.000      454.609      655.758
       7.322        0.000      454.609      655.758
       7.341        0.000      454.609      655.758
       7.360        0.000      454.867      655.758
       7.379        0.000      455.125      655.758
       7.399        0.000      455.383      655.758
       7.418        0.000      455.641      655.758
       7.437        0.000      455.898      655.758
       7.457        0.000      455.898      655.758
       7.476        0.000      456.156      655.758
       7.495        0.000      456.414      655.758
       7.515        0.000      456.672      655.758
       7.534        0.000      456.930      655.758
       7.553        0.000      456.930      655.758
       7.572        0.000      457.188      655.758
       7.591        0.000      457.445      655.758
       7.610        0.000      457.445      655.758
       7.630        0.000      457.703      655.758
       7.648        0.000      457.703      655.758
       7.668        0.000      457.961      655.758
       7.687        0.000      457.961      655.758
       7.706        0.000      458.219      655.758
       7.725        0.000      458.477      655.758
       7.744        0.000      458.477      655.758
       7.763        0.000      458.477      655.758
       7.782        0.000      458.734      655.758
       7.801        0.000      458.992      655.758
       7.821        0.000      458.992      655.758
       7.840        0.000      459.250      655.758
       7.859        0.000      459.250      655.758
       7.878        0.000      459.508      655.758
       7.897        0.000      459.508      655.758
       7.917        0.000      459.766      655.758
       7.936        0.000      459.766      655.758
       7.955        0.000      460.023      655.758
       7.974        0.000      460.281      655.758
       7.993        0.000      460.281      655.758
       8.012        0.000      460.539      655.758
       8.032        0.000      460.539      655.758
       8.051        0.000      460.797      655.758
       8.069        0.000      460.797      655.758
       8.089        0.000      461.055      655.758
       8.108        0.000      461.055      655.758
       8.127        0.000      461.312      655.758
       8.146        0.000      461.570      655.758
       8.165        0.000      461.570      655.758
       8.184        0.000      461.828      655.758
       8.203        0.000      462.086      655.758
       8.223        0.000      462.086      655.758
       8.242        0.000      462.344      655.758
       8.261        0.000      462.344      655.758
       8.280        0.000      462.602      655.758
       8.299        0.000      462.602      655.758
       8.318        0.000      462.859      655.758
       8.337        0.000      462.859      655.758
       8.356        0.000      463.117      655.758
       8.376        0.000      463.117      655.758
       8.395        0.000      463.375      655.758
       8.414        0.000      463.375      655.758
       8.433        0.000      463.633      655.758
       8.452        0.000      463.633      655.758
       8.471        0.000      463.633      655.758
       8.490        0.000      463.891      655.758
       8.509        0.000      463.891      655.758
       8.528        0.000      464.148      655.758
       8.547        0.000      464.148      655.758
       8.566        0.000      464.148      655.758
       8.585        0.000      464.406      655.758
       8.604        0.000      464.406      655.758
       8.623        0.000      464.664      655.758
       8.642        0.000      464.664      655.758
       8.662        0.000      464.664      655.758
       8.681        0.000      465.438      655.758
       8.699        0.000      465.695      655.758
       8.718        0.000      465.953      655.758
       8.737        0.000      466.211      655.758
       8.756        0.000      466.211      655.758
       8.775        0.000      466.469      655.758
       8.794        0.000      466.469      655.758
       8.813        0.000      466.727      655.758
       8.833        0.000      466.727      655.758
       8.852        0.000      466.727      655.758
       8.871        0.000      466.984      655.758
       8.890        0.000      466.984      655.758
       8.909        0.000      467.242      655.758
       8.928        0.000      467.242      655.758
       8.947        0.000      467.500      655.758
       8.966        0.000      467.500      655.758
       8.985        0.000      467.758      655.758
       9.004        0.000      467.758      655.758
       9.023        0.000      467.758      655.758
       9.042        0.000      468.016      655.758
       9.062        0.000      468.016      655.758
       9.081        0.000      468.016      655.758
       9.100        0.000      468.273      655.758
       9.119        0.000      468.273      655.758
       9.138        0.000      468.273      655.758
       9.157        0.000      468.531      655.758
       9.176        0.000      468.531      655.758
       9.196        0.000      468.789      655.758
       9.214        0.000      468.789      655.758
       9.234        0.000      469.047      655.758
       9.253        0.000      469.047      655.758
       9.272        0.000      469.047      655.758
       9.291        0.000      469.047      655.758
       9.310        0.000      469.047      655.758
       9.329        0.000      469.305      655.758
       9.348        0.000      469.305      655.758
       9.367        0.000      469.305      655.758
       9.386        0.000      469.562      655.758
       9.406        0.000      469.562      655.758
       9.425        0.000      469.562      655.758
       9.444        0.000      469.562      655.758
       9.464        0.000      469.562      655.758
       9.483        0.000      469.562      655.758
       9.502        0.000      469.562      655.758
       9.521        0.000      469.820      655.758
       9.540        0.000      469.820      655.758
       9.559        0.000      469.820      655.758
       9.578        0.000      469.820      655.758
       9.597        0.000      469.820      655.758
       9.616        0.000      470.078      655.758
       9.635        0.000      470.336      655.758
       9.654        0.000      470.594      655.758
       9.673        0.000      470.852      655.758
       9.692        0.000      471.109      655.758
       9.711        0.000      471.109      655.758
       9.730        0.000      471.367      655.758
       9.749        0.000      471.367      655.758
       9.768        0.000      471.625      655.758
       9.787        0.000      471.625      655.758
       9.806        0.000      471.625      655.758
       9.826        0.000      471.883      655.758
       9.844        0.000      472.141      655.758
       9.863        0.000      472.141      655.758
       9.882        0.000      472.141      655.758
       9.902        0.000      472.398      655.758
       9.921        0.000      472.398      655.758
       9.940        0.000      472.398      655.758
       9.960        0.000      472.656      655.758
       9.979        0.000      472.656      655.758
       9.998        0.000      472.656      655.758
      10.017        0.000      472.914      655.758
      10.036        0.000      472.914      655.758
      10.055        0.000      472.914      655.758
      10.074        0.000      473.172      655.758
      10.093        0.000      473.430      655.758
      10.112        0.000      473.430      655.758
      10.131        0.000      473.688      655.758
      10.151        0.000      473.945      655.758
      10.170        0.000      473.945      655.758
      10.188        0.000      474.203      655.758
      10.208        0.000      474.203      655.758
      10.227        0.000      474.203      655.758
      10.246        0.000      474.461      655.758
      10.265        0.000      474.719      655.758
      10.284        0.000      474.719      655.758
      10.303        0.000      474.977      655.758
      10.323        0.000      474.977      655.758
      10.342        0.000      474.977      655.758
      10.361        0.000      475.234      655.758
      10.380        0.000      475.234      655.758
      10.400        0.000      475.492      655.758
      10.419        0.000      475.492      655.758
      10.438        0.000      475.750      655.758
      10.457        0.000      475.750      655.758
      10.476        0.000      475.750      655.758
      10.496        0.000      476.008      655.758
      10.515        0.000      476.008      655.758
      10.534        0.000      476.008      655.758
      10.553        0.000      476.008      655.758
      10.572        0.000      476.266      655.758
      10.591        0.000      476.266      655.758
      10.610        0.000      476.266      655.758
      10.629        0.000      476.266      655.758
      10.648        0.000      476.523      655.758
      10.667        0.000      476.523      655.758
      10.686        0.000      476.523      655.758
      10.705        0.000      476.523      655.758
      10.725        0.000      476.523      655.758
      10.744        0.000      476.523      655.758
      10.763        0.000      476.523      655.758
      10.782        0.000      476.781      655.758
      10.801        0.000      476.781      655.758
      10.820        0.000      476.781      655.758
      10.840        0.000      476.781      655.758
      10.859        0.000      476.781      655.758
      10.878        0.000      476.781      655.758
      10.897        0.000      476.781      655.758
      10.916        0.000      476.781      655.758
      10.935        0.000      476.781      655.758
      10.954        0.000      476.781      655.758
      10.973        0.000      477.039      655.758
      10.992        0.000      477.039      655.758
      11.011        0.000      477.039      655.758
      11.030        0.000      477.297      655.758
      11.049        0.000      477.555      655.758
      11.068        0.000      477.555      655.758
      11.087        0.000      477.555      655.758
      11.106        0.000      477.555      655.758
      11.125        0.000      477.555      655.758
      11.144        0.000      477.812      655.758
      11.163        0.000      477.812      655.758
      11.183        0.000      477.812      655.758
      11.202        0.000      477.812      655.758
      11.221        0.000      477.812      655.758
      11.240        0.000      478.070      655.758
      11.259        0.000      478.070      655.758
      11.278        0.000      478.070      655.758
      11.298        0.000      478.328      655.758
      11.317        0.000      478.328      655.758
      11.336        0.000      478.586      655.758
      11.355        0.000      478.586      655.758
      11.374        0.000      478.586      655.758
      11.393        0.000      478.586      655.758
      11.413        0.000      478.586      655.758
      11.432        0.000      478.844      655.758
      11.451        0.000      478.844      655.758
      11.470        0.000      478.844      655.758
      11.489        0.000      478.844      655.758
      11.508        0.000      479.102      655.758
      11.527        0.000      479.102      655.758
      11.546        0.000      479.102      655.758
      11.565        0.000      479.359      655.758
      11.584        0.000      479.359      655.758
      11.603        0.000      479.875      655.758
      11.622        0.000      479.875      655.758
      11.642        0.000      480.133      655.758
      11.660        0.000      480.391      655.758
      11.679        0.000      480.648      655.758
      11.699        0.000      480.906      655.758
      11.718        0.000      480.906      655.758
      11.737        0.000      481.164      655.758
      11.756        0.000      481.164      655.758
      11.775        0.000      481.422      655.758
      11.794        0.000      481.422      655.758
      11.813        0.000      481.680      655.758
      11.832        0.000      481.680      655.758
      11.851        0.000      481.680      655.758
      11.870        0.000      481.938      655.758
      11.889        0.000      481.938      655.758
      11.908        0.000      481.938      655.758
      11.928        0.000      482.195      655.758
      11.947        0.000      482.453      655.758
      11.966        0.000      482.711      655.758
      11.985        0.000      482.711      655.758
      12.004        0.000      482.969      655.758
      12.023        0.000      483.227      655.758
      12.042        0.000      483.484      655.758
      12.061        0.000      483.484      655.758
      12.080        0.000      483.742      655.758
      12.099        0.000      484.000      655.758
      12.118        0.000      484.258      655.758
      12.137        0.000      484.516      655.758
      12.156        0.000      484.773      655.758
      12.175        0.000      485.031      655.758
      12.194        0.000      485.031      655.758
      12.213        0.000      485.289      655.758
      12.232        0.000      485.547      655.758
      12.251        0.000      485.547      655.758
      12.271        0.000      485.805      655.758
      12.290        0.000      486.062      655.758
      12.309        0.000      486.062      655.758
      12.328        0.000      486.320      655.758
      12.347        0.000      486.320      655.758
      12.366        0.000      486.578      655.758
      12.385        0.000      486.836      655.758
      12.404        0.000      487.094      655.758
      12.423        0.000      487.609      655.758
      12.442        0.000      487.867      655.758
      12.461        0.000      488.125      655.758
      12.480        0.000      488.383      655.758
      12.499        0.000      488.641      655.758
      12.518        0.000      488.898      655.758
      12.537        0.000      489.156      655.758
      12.557        0.000      489.414      655.758
      12.576        0.000      489.672      655.758
      12.595        0.000      489.672      655.758
      12.614        0.000      490.188      655.758
      12.633        0.000      490.188      655.758
      12.652        0.000      490.445      655.758
      12.672        0.000      490.703      655.758
      12.691        0.000      490.961      655.758
      12.710        0.000      491.219      655.758
      12.729        0.000      491.477      655.758
      12.748        0.000      491.477      655.758
      12.768        0.000      491.734      655.758
      12.787        0.000      491.992      655.758
      12.806        0.000      492.250      655.758
      12.825        0.000      492.508      655.758
      12.844        0.000      492.508      655.758
      12.863        0.000      492.766      655.758
      12.882        0.000      492.766      655.758
      12.902        0.000      493.023      655.758
      12.921        0.000      493.023      655.758
      12.940        0.000      493.281      655.758
      12.959        0.000      493.281      655.758
      12.978        0.000      493.539      655.758
      12.997        0.000      493.539      655.758
      13.017        0.000      493.797      655.758
      13.036        0.000      493.797      655.758
      13.055        0.000      494.055      655.758
      13.074        0.000      494.055      655.758
      13.093        0.000      494.312      655.758
      13.112        0.000      494.570      655.758
      13.131        0.000      494.828      655.758
      13.150        0.000      495.086      655.758
      13.169        0.000      495.344      655.758
      13.189        0.000      495.344      655.758
      13.208        0.000      495.602      655.758
      13.227        0.000      495.859      655.758
      13.246        0.000      496.117      655.758
      13.265        0.000      496.375      655.758
      13.285        0.000      496.633      655.758
      13.304        0.000      496.891      655.758
      13.323        0.000      496.891      655.758
      13.342        0.000      497.148      655.758
      13.361        0.000      497.406      655.758
      13.380        0.000      497.664      655.758
      13.400        0.000      497.922      655.758
      13.419        0.000      498.180      655.758
      13.438        0.000      498.180      655.758
      13.457        0.000      498.438      655.758
      13.477        0.000      498.695      655.758
      13.496        0.000      498.953      655.758
      13.515        0.000      498.953      655.758
      13.534        0.000      499.211      655.758
      13.553        0.000      499.211      655.758
      13.572        0.000      499.469      655.758
      13.592        0.000      499.469      655.758
      13.611        0.000      499.727      655.758
      13.630        0.000      499.727      655.758
      13.649        0.000      499.984      655.758
      13.668        0.000      499.984      655.758
      13.688        0.000      500.242      655.758
      13.707        0.000      500.242      655.758
      13.726        0.000      500.500      655.758
      13.745        0.000      500.500      655.758
      13.764        0.000      500.758      655.758
      13.783        0.000      500.758      655.758
      13.802        0.000      501.016      655.758
      13.821        0.000      501.273      655.758
      13.840        0.000      501.273      655.758
      13.859        0.000      501.531      655.758
      13.879        0.000      501.531      655.758
      13.899        0.000      501.789      655.758
      13.919        0.000      502.047      655.758
      13.938        0.000      502.047      655.758
      13.957        0.000      502.305      655.758
      13.976        0.000      502.305      655.758
      13.995        0.000      502.562      655.758
      14.014        0.000      502.562      655.758
      14.033        0.000      502.820      655.758
      14.053        0.000      503.078      655.758
      14.072        0.000      503.078      655.758
      14.091        0.000      503.336      655.758
      14.110        0.000      503.336      655.758
      14.129        0.000      503.594      655.758
      14.148        0.000      503.594      655.758
      14.167        0.000      503.852      655.758
      14.186        0.000      504.109      655.758
      14.205        0.000      504.109      655.758
      14.224        0.000      504.367      655.758
      14.243        0.000      504.367      655.758
      14.262        0.000      504.625      655.758
      14.281        0.000      504.625      655.758
      14.300        0.000      504.883      655.758
      14.319        0.000      504.883      655.758
      14.339        0.000      505.141      655.758
      14.358        0.000      505.398      655.758
      14.377        0.000      505.398      655.758
      14.396        0.000      505.656      655.758
      14.415        0.000      505.656      655.758
      14.434        0.000      505.914      655.758
      14.453        0.000      505.914      655.758
      14.473        0.000      506.172      655.758
      14.492        0.000      506.172      655.758
      14.511        0.000      506.430      655.758
      14.530        0.000      506.688      655.758
      14.549        0.000      506.688      655.758
      14.568        0.000      506.688      655.758
      14.587        0.000      506.945      655.758
      14.606        0.000      506.945      655.758
      14.626        0.000      507.203      655.758
      14.645        0.000      507.203      655.758
      14.664        0.000      507.203      655.758
      14.683        0.000      507.461      655.758
      14.702        0.000      507.461      655.758
      14.721        0.000      507.719      655.758
      14.740        0.000      507.719      655.758
      14.759        0.000      507.719      655.758
      14.778        0.000      507.977      655.758
      14.797        0.000      507.977      655.758
      14.816        0.000      508.234      655.758
      14.835        0.000      508.234      655.758
      14.854        0.000      508.492      655.758
      14.873        0.000      508.492      655.758
      14.893        0.000      508.750      655.758
      14.912        0.000      509.008      655.758
      14.931        0.000      509.266      655.758
      14.950        0.000      509.266      655.758
      14.969        0.000      509.523      655.758
      14.988        0.000      510.039      655.758
      15.007        0.000      510.039      655.758
      15.027        0.000      510.297      655.758
      15.045        0.000      510.555      655.758
      15.064        0.000      510.555      655.758
      15.084        0.000      510.812      655.758
      15.102        0.000      510.812      655.758
      15.121        0.000      510.812      655.758
      15.141        0.000      511.070      655.758
      15.160        0.000      511.070      655.758
      15.179        0.000      511.070      655.758
      15.198        0.000      511.328      655.758
      15.217        0.000      511.328      655.758
      15.235        0.000      511.586      655.758
      15.255        0.000      511.586      655.758
      15.274        0.000      511.586      655.758
      15.293        0.000      511.844      655.758
      15.312        0.000      511.844      655.758
      15.331        0.000      511.844      655.758
      15.350        0.000      512.102      655.758
      15.369        0.000      512.102      655.758
      15.388        0.000      512.102      655.758
      15.408        0.000      512.359      655.758
      15.427        0.000      512.359      655.758
      15.446        0.000      512.617      655.758
      15.465        0.000      512.617      655.758
      15.484        0.000      512.617      655.758
      15.503        0.000      512.875      655.758
      15.522        0.000      512.875      655.758
      15.541        0.000      513.133      655.758
      15.560        0.000      513.133      655.758
      15.579        0.000      513.133      655.758
      15.598        0.000      513.391      655.758
      15.617        0.000      513.391      655.758
      15.636        0.000      513.648      655.758
      15.656        0.000      513.648      655.758
      15.675        0.000      513.648      655.758
      15.694        0.000      513.906      655.758
      15.713        0.000      513.906      655.758
      15.732        0.000      513.906      655.758
      15.751        0.000      514.164      655.758
      15.770        0.000      514.164      655.758
      15.789        0.000      514.164      655.758
      15.808        0.000      514.422      655.758
      15.827        0.000      514.422      655.758
      15.846        0.000      514.422      655.758
      15.865        0.000      514.680      655.758
      15.885        0.000      514.680      655.758
      15.904        0.000      514.938      655.758
      15.923        0.000      514.938      655.758
      15.942        0.000      514.938      655.758
      15.961        0.000      515.195      655.758
      15.980        0.000      515.195      655.758
      16.000        0.000      515.453      655.758
      16.019        0.000      515.453      655.758
      16.038        0.000      515.453      655.758
      16.057        0.000      515.453      655.758
      16.076        0.000      515.711      655.758
      16.095        0.000      515.711      655.758
      16.114        0.000      515.711      655.758
      16.133        0.000      515.969      655.758
      16.152        0.000      515.969      655.758
      16.171        0.000      515.969      655.758
      16.190        0.000      516.227      655.758
      16.209        0.000      516.227      655.758
      16.228        0.000      516.227      655.758
      16.247        0.000      516.484      655.758
      16.266        0.000      516.484      655.758
      16.285        0.000      516.742      655.758
      16.304        0.000      517.000      655.758
      16.323        0.000      517.000      655.758
      16.342        0.000      517.258      655.758
      16.361        0.000      517.258      655.758
      16.380        0.000      517.258      655.758
      16.400        0.000      517.516      655.758
      16.419        0.000      517.516      655.758
      16.438        0.000      517.516      655.758
      16.457        0.000      517.773      655.758
      16.476        0.000      517.773      655.758
      16.495        0.000      517.773      655.758
      16.514        0.000      518.031      655.758
      16.533        0.000      518.031      655.758
      16.552        0.000      518.031      655.758
      16.571        0.000      518.289      655.758
      16.590        0.000      518.289      655.758
      16.609        0.000      518.289      655.758
      16.628        0.000      518.547      655.758
      16.647        0.000      518.547      655.758
      16.666        0.000      518.547      655.758
      16.685        0.000      518.805      655.758
      16.704        0.000      518.805      655.758
      16.723        0.000      519.062      655.758
      16.742        0.000      519.062      655.758
      16.761        0.000      519.320      655.758
      16.780        0.000      519.320      655.758
      16.800        0.000      519.578      655.758
      16.818        0.000      519.578      655.758
      16.837        0.000      519.836      655.758
      16.857        0.000      519.836      655.758
      16.876        0.000      520.094      655.758
      16.895        0.000      520.094      655.758
      16.914        0.000      520.094      655.758
      16.933        0.000      520.352      655.758
      16.951        0.000      520.352      655.758
      16.971        0.000      520.352      655.758
      16.990        0.000      520.609      655.758
      17.008        0.000      520.609      655.758
      17.028        0.000      520.867      655.758
      17.047        0.000      520.867      655.758
      17.065        0.000      520.867      655.758
      17.085        0.000      521.125      655.758
      17.104        0.000      521.125      655.758
      17.123        0.000      521.383      655.758
      17.142        0.000      521.383      655.758
      17.161        0.000      521.383      655.758
      17.180        0.000      521.641      655.758
      17.199        0.000      521.641      655.758
      17.218        0.000      521.898      655.758
      17.237        0.000      522.156      655.758
      17.256        0.000      522.156      655.758
      17.275        0.000      522.414      655.758
      17.294        0.000      522.414      655.758
      17.313        0.000      522.672      655.758
      17.332        0.000      522.672      655.758
      17.351        0.000      522.672      655.758
      17.370        0.000      522.930      655.758
      17.389        0.000      522.930      655.758
      17.408        0.000      523.188      655.758
      17.428        0.000      523.188      655.758
      17.447        0.000      523.445      655.758
      17.466        0.000      523.445      655.758
      17.485        0.000      523.703      655.758
      17.504        0.000      523.703      655.758
      17.523        0.000      523.961      655.758
      17.542        0.000      524.219      655.758
      17.561        0.000      524.219      655.758
      17.580        0.000      524.477      655.758
      17.600        0.000      524.477      655.758
      17.619        0.000      524.734      655.758
      17.638        0.000      524.992      655.758
      17.657        0.000      524.992      655.758
      17.676        0.000      525.250      655.758
      17.695        0.000      525.250      655.758
      17.714        0.000      525.508      655.758
      17.733        0.000      525.508      655.758
      17.752        0.000      525.766      655.758
      17.772        0.000      525.766      655.758
      17.791        0.000      526.023      655.758
      17.810        0.000      526.023      655.758
      17.829        0.000      526.281      655.758
      17.848        0.000      526.281      655.758
      17.867        0.000      526.539      655.758
      17.887        0.000      526.539      655.758
      17.906        0.000      526.797      655.758
      17.925        0.000      526.797      655.758
      17.944        0.000      526.797      655.758
      17.964        0.000      527.055      655.758
      17.982        0.000      527.055      655.758
      18.002        0.000      527.312      655.758
      18.021        0.000      527.312      655.758
      18.040        0.000      527.570      655.758
      18.059        0.000      527.570      655.758
      18.078        0.000      527.570      655.758
      18.097        0.000      527.828      655.758
      18.116        0.000      528.086      655.758
      18.135        0.000      528.086      655.758
      18.154        0.000      528.344      655.758
      18.173        0.000      528.344      655.758
      18.192        0.000      528.602      655.758
      18.211        0.000      528.602      655.758
      18.231        0.000      528.859      655.758
      18.250        0.000      528.859      655.758
      18.269        0.000      529.117      655.758
      18.288        0.000      529.117      655.758
      18.307        0.000      529.375      655.758
      18.326        0.000      529.375      655.758
      18.345        0.000      529.633      655.758
      18.364        0.000      529.633      655.758
      18.383        0.000      529.891      655.758
      18.404        0.000      529.891      655.758
      18.423        0.000      530.148      655.758
      18.442        0.000      530.148      655.758
      18.461        0.000      530.406      655.758
      18.480        0.000      530.406      655.758
      18.499        0.000      530.664      655.758
      18.518        0.000      530.664      655.758
      18.537        0.000      530.922      655.758
      18.556        0.000      530.922      655.758
      18.576        0.000      531.180      655.758
      18.595        0.000      531.180      655.758
      18.613        0.000      531.180      655.758
      18.633        0.000      531.438      655.758
      18.652        0.000      531.438      655.758
      18.671        0.000      531.438      655.758
      18.690        0.000      531.695      655.758
      18.709        0.000      531.695      655.758
      18.728        0.000      531.695      655.758
      18.747        0.000      531.953      655.758
      18.766        0.000      531.953      655.758
      18.785        0.000      532.211      655.758
      18.805        0.000      532.211      655.758
      18.823        0.000      532.211      655.758
      18.842        0.000      532.469      655.758
      18.862        0.000      532.727      655.758
      18.881        0.000      532.727      655.758
      18.900        0.000      532.984      655.758
      18.920        0.000      533.242      655.758
      18.939        0.000      533.242      655.758
      18.958        0.000      533.242      655.758
      18.977        0.000      533.242      655.758
      18.996        0.000      533.500      655.758
      19.015        0.000      533.500      655.758
      19.034        0.000      533.758      655.758
      19.053        0.000      533.758      655.758
      19.072        0.000      533.758      655.758
      19.091        0.000      533.758      655.758
      19.110        0.000      534.016      655.758
      19.129        0.000      534.016      655.758
      19.148        0.000      534.273      655.758
      19.167        0.000      534.273      655.758
      19.186        0.000      534.273      655.758
      19.206        0.000      534.273      655.758
      19.225        0.000      534.531      655.758
      19.243        0.000      534.531      655.758
      19.263        0.000      534.789      655.758
      19.282        0.000      535.047      655.758
      19.301        0.000      535.047      655.758
      19.320        0.000      535.305      655.758
      19.339        0.000      535.305      655.758
      19.358        0.000      535.562      655.758
      19.377        0.000      535.820      655.758
      19.396        0.000      535.820      655.758
      19.415        0.000      535.820      655.758
      19.434        0.000      535.820      655.758
      19.453        0.000      535.820      655.758
      19.472        0.000      536.078      655.758
      19.492        0.000      536.078      655.758
      19.511        0.000      536.078      655.758
      19.530        0.000      536.336      655.758
      19.549        0.000      536.336      655.758
      19.568        0.000      536.336      655.758
      19.587        0.000      536.594      655.758
      19.606        0.000      536.594      655.758
      19.625        0.000      536.594      655.758
      19.644        0.000      536.852      655.758
      19.663        0.000      536.852      655.758
      19.682        0.000      536.852      655.758
      19.701        0.000      537.109      655.758
      19.720        0.000      537.109      655.758
      19.739        0.000      537.367      655.758
      19.758        0.000      537.367      655.758
      19.778        0.000      537.625      655.758
      19.797        0.000      537.625      655.758
      19.816        0.000      537.883      655.758
      19.835        0.000      537.883      655.758
      19.854        0.000      538.141      655.758
      19.873        0.000      538.141      655.758
      19.892        0.000      538.398      655.758
      19.911        0.000      538.398      655.758
      19.930        0.000      538.656      655.758
      19.949        0.000      538.656      655.758
      19.968        0.000      538.914      655.758
      19.987        0.000      538.914      655.758
      20.007        0.000      539.172      655.758
      20.025        0.000      539.172      655.758
      20.044        0.000      539.430      655.758
      20.064        0.000      539.430      655.758
      20.083        0.000      539.688      655.758
      20.102        0.000      539.688      655.758
      20.121        0.000      539.945      655.758
      20.140        0.000      540.203      655.758
      20.159        0.000      540.203      655.758
      20.179        0.000      540.461      655.758
      20.198        0.000      540.461      655.758
      20.217        0.000      540.719      655.758
      20.236        0.000      540.977      655.758
      20.255        0.000      540.977      655.758
      20.274        0.000      541.234      655.758
      20.293        0.000      541.234      655.758
      20.312        0.000      541.492      655.758
      20.331        0.000      541.492      655.758
      20.351        0.000      541.750      655.758
      20.370        0.000      541.750      655.758
      20.389        0.000      542.008      655.758
      20.408        0.000      542.008      655.758
      20.427        0.000      542.008      655.758
      20.446        0.000      542.266      655.758
      20.465        0.000      542.266      655.758
      20.484        0.000      542.523      655.758
      20.503        0.000      542.523      655.758
      20.522        0.000      542.523      655.758
      20.541        0.000      542.781      655.758
      20.560        0.000      542.781      655.758
      20.580        0.000      542.781      655.758
      20.599        0.000      543.039      655.758
      20.617        0.000      543.039      655.758
      20.637        0.000      543.039      655.758
      20.655        0.000      543.297      655.758
      20.674        0.000      543.297      655.758
      20.693        0.000      543.297      655.758
      20.712        0.000      543.297      655.758
      20.731        0.000      543.555      655.758
      20.750        0.000      543.555      655.758
      20.769        0.000      543.555      655.758
      20.788        0.000      543.555      655.758
      20.807        0.000      543.812      655.758
      20.826        0.000      543.812      655.758
      20.845        0.000      543.812      655.758
      20.865        0.000      544.070      655.758
      20.883        0.000      544.070      655.758
      20.903        0.000      544.070      655.758
      20.922        0.000      544.328      655.758
      20.941        0.000      544.328      655.758
      20.960        0.000      544.586      655.758
      20.980        0.000      544.586      655.758
      20.999        0.000      544.844      655.758
      21.018        0.000      544.844      655.758
      21.037        0.000      545.102      655.758
      21.056        0.000      545.102      655.758
      21.075        0.000      545.359      655.758
      21.094        0.000      545.617      655.758
      21.113        0.000      545.617      655.758
      21.133        0.000      545.875      655.758
      21.152        0.000      545.875      655.758
      21.171        0.000      546.133      655.758
      21.190        0.000      546.133      655.758
      21.209        0.000      546.133      655.758
      21.228        0.000      546.391      655.758
      21.247        0.000      546.648      655.758
      21.266        0.000      546.648      655.758
      21.285        0.000      546.648      655.758
      21.304        0.000      546.906      655.758
      21.324        0.000      546.906      655.758
      21.342        0.000      547.164      655.758
      21.362        0.000      547.164      655.758
      21.381        0.000      547.164      655.758
      21.400        0.000      547.422      655.758
      21.419        0.000      547.422      655.758
      21.438        0.000      547.680      655.758
      21.457        0.000      547.680      655.758
      21.476        0.000      547.680      655.758
      21.495        0.000      547.680      655.758
      21.514        0.000      547.680      655.758
      21.533        0.000      547.938      655.758
      21.553        0.000      547.938      655.758
      21.572        0.000      547.938      655.758
      21.591        0.000      547.938      655.758
      21.610        0.000      548.195      655.758
      21.629        0.000      548.195      655.758
      21.647        0.000      548.195      655.758
      21.667        0.000      548.453      655.758
      21.686        0.000      548.453      655.758
      21.705        0.000      548.711      655.758
      21.724        0.000      548.711      655.758
      21.743        0.000      548.969      655.758
      21.762        0.000      548.969      655.758
      21.781        0.000      549.227      655.758
      21.800        0.000      549.484      655.758
      21.819        0.000      549.484      655.758
      21.838        0.000      549.742      655.758
      21.857        0.000      549.742      655.758
      21.876        0.000      550.000      655.758
      21.896        0.000      550.000      655.758
      21.914        0.000      550.258      655.758
      21.933        0.000      550.258      655.758
      21.953        0.000      550.516      655.758
      21.972        0.000      550.516      655.758
      21.991        0.000      550.516      655.758
      22.010        0.000      550.773      655.758
      22.029        0.000      550.773      655.758
      22.048        0.000      550.773      655.758
      22.067        0.000      551.031      655.758
      22.086        0.000      551.031      655.758
      22.105        0.000      551.289      655.758
      22.124        0.000      551.289      655.758
      22.143        0.000      551.289      655.758
      22.162        0.000      551.289      655.758
      22.181        0.000      551.547      655.758
      22.200        0.000      551.547      655.758
      22.219        0.000      551.547      655.758
      22.238        0.000      551.547      655.758
      22.257        0.000      551.805      655.758
      22.276        0.000      551.805      655.758
      22.295        0.000      551.805      655.758
      22.314        0.000      551.805      655.758
      22.333        0.000      552.062      655.758
      22.353        0.000      552.062      655.758
      22.372        0.000      552.320      655.758
      22.391        0.000      552.320      655.758
      22.410        0.000      552.578      655.758
      22.429        0.000      552.578      655.758
      22.448        0.000      552.836      655.758
      22.467        0.000      552.836      655.758
      22.486        0.000      553.094      655.758
      22.505        0.000      553.094      655.758
      22.524        0.000      553.352      655.758
      22.543        0.000      553.609      655.758
      22.562        0.000      553.609      655.758
      22.581        0.000      553.867      655.758
      22.600        0.000      553.867      655.758
      22.619        0.000      553.867      655.758
      22.638        0.000      554.125      655.758
      22.657        0.000      554.125      655.758
      22.676        0.000      554.383      655.758
      22.695        0.000      554.383      655.758
      22.714        0.000      554.641      655.758
      22.733        0.000      554.898      655.758
      22.753        0.000      554.898      655.758
      22.772        0.000      554.898      655.758
      22.790        0.000      555.156      655.758
      22.810        0.000      555.156      655.758
      22.828        0.000      555.414      655.758
      22.847        0.000      555.414      655.758
      22.867        0.000      555.414      655.758
      22.886        0.000      555.672      655.758
      22.905        0.000      555.672      655.758
      22.925        0.000      555.672      655.758
      22.944        0.000      555.930      655.758
      22.963        0.000      555.930      655.758
      22.982        0.000      555.930      655.758
      23.001        0.000      556.188      655.758
      23.019        0.000      556.188      655.758
      23.039        0.000      556.188      655.758
      23.057        0.000      556.445      655.758
      23.076        0.000      556.445      655.758
      23.096        0.000      556.445      655.758
      23.114        0.000      556.445      655.758
      23.133        0.000      556.703      655.758
      23.152        0.000      556.703      655.758
      23.171        0.000      556.703      655.758
      23.190        0.000      556.961      655.758
      23.210        0.000      556.961      655.758
      23.229        0.000      557.219      655.758
      23.248        0.000      557.219      655.758
      23.267        0.000      557.477      655.758
      23.286        0.000      557.477      655.758
      23.305        0.000      557.734      655.758
      23.324        0.000      557.734      655.758
      23.343        0.000      557.992      655.758
      23.361        0.000      557.992      655.758
      23.381        0.000      557.992      655.758
      23.400        0.000      558.250      655.758
      23.419        0.000      558.250      655.758
      23.438        0.000      558.508      655.758
      23.457        0.000      558.508      655.758
      23.476        0.000      558.508      655.758
      23.496        0.000      558.766      655.758
      23.515        0.000      558.766      655.758
      23.534        0.000      558.766      655.758
      23.553        0.000      558.766      655.758
      23.572        0.000      559.023      655.758
      23.591        0.000      559.023      655.758
      23.610        0.000      559.281      655.758
      23.629        0.000      559.281      655.758
      23.648        0.000      559.281      655.758
      23.668        0.000      559.281      655.758
      23.687        0.000      559.539      655.758
      23.706        0.000      559.539      655.758
      23.725        0.000      559.797      655.758
      23.744        0.000      559.797      655.758
      23.763        0.000      559.797      655.758
      23.782        0.000      559.797      655.758
      23.801        0.000      560.055      655.758
      23.819        0.000      560.055      655.758
      23.839        0.000      560.055      655.758
      23.857        0.000      560.055      655.758
      23.876        0.000      560.312      655.758
      23.895        0.000      560.312      655.758
      23.914        0.000      560.312      655.758
      23.933        0.000      560.312      655.758
      23.952        0.000      560.570      655.758
      23.971        0.000      560.570      655.758
      23.990        0.000      560.570      655.758
      24.010        0.000      560.828      655.758
      24.029        0.000      560.828      655.758
      24.048        0.000      560.828      655.758
      24.067        0.000      561.086      655.758
      24.086        0.000      561.086      655.758
      24.105        0.000      561.086      655.758
      24.124        0.000      561.344      655.758
      24.143        0.000      561.344      655.758
      24.162        0.000      561.602      655.758
      24.181        0.000      561.602      655.758
      24.200        0.000      561.602      655.758
      24.219        0.000      561.602      655.758
      24.238        0.000      561.859      655.758
      24.257        0.000      561.859      655.758
      24.276        0.000      562.117      655.758
      24.296        0.000      562.117      655.758
      24.314        0.000      562.117      655.758
      24.333        0.000      562.375      655.758
      24.353        0.000      562.375      655.758
      24.372        0.000      562.375      655.758
      24.391        0.000      562.633      655.758
      24.410        0.000      562.633      655.758
      24.429        0.000      562.633      655.758
      24.448        0.000      562.891      655.758
      24.467        0.000      562.891      655.758
      24.486        0.000      562.891      655.758
      24.505        0.000      563.148      655.758
      24.524        0.000      563.148      655.758
      24.543        0.000      563.148      655.758
      24.562        0.000      563.406      655.758
      24.582        0.000      563.406      655.758
      24.601        0.000      563.406      655.758
      24.620        0.000      563.664      655.758
      24.639        0.000      563.664      655.758
      24.658        0.000      563.664      655.758
      24.677        0.000      563.664      655.758
      24.696        0.000      563.922      655.758
      24.715        0.000      563.922      655.758
      24.734        0.000      563.922      655.758
      24.753        0.000      564.180      655.758
      24.772        0.000      564.180      655.758
      24.791        0.000      564.180      655.758
      24.810        0.000      564.180      655.758
      24.829        0.000      564.438      655.758
      24.848        0.000      564.438      655.758
      24.868        0.000      564.695      655.758
      24.887        0.000      564.695      655.758
      24.906        0.000      564.695      655.758
      24.926        0.000      564.695      655.758
      24.944        0.000      564.953      655.758
      24.963        0.000      564.953      655.758
      24.982        0.000      564.953      655.758
      25.002        0.000      565.211      655.758
      25.020        0.000      565.211      655.758
      25.040        0.000      565.211      655.758
      25.059        0.000      565.211      655.758
      25.077        0.000      565.469      655.758
      25.097        0.000      565.469      655.758
      25.116        0.000      565.469      655.758
      25.135        0.000      565.727      655.758
      25.154        0.000      565.727      655.758
      25.173        0.000      565.727      655.758
      25.192        0.000      565.727      655.758
      25.211        0.000      565.727      655.758
      25.230        0.000      565.984      655.758
      25.249        0.000      565.984      655.758
      25.268        0.000      565.984      655.758
      25.287        0.000      566.242      655.758
      25.306        0.000      566.242      655.758
      25.326        0.000      566.242      655.758
      25.344        0.000      566.500      655.758
      25.363        0.000      566.500      655.758
      25.382        0.000      566.500      655.758
      25.402        0.000      566.500      655.758
      25.421        0.000      566.758      655.758
      25.440        0.000      566.758      655.758
      25.459        0.000      566.758      655.758
      25.478        0.000      566.758      655.758
      25.497        0.000      567.016      655.758
      25.516        0.000      567.016      655.758
      25.535        0.000      567.016      655.758
      25.554        0.000      567.273      655.758
      25.573        0.000      567.273      655.758
      25.592        0.000      567.273      655.758
      25.612        0.000      567.273      655.758
      25.631        0.000      567.531      655.758
      25.650        0.000      567.531      655.758
      25.669        0.000      567.531      655.758
      25.688        0.000      567.789      655.758
      25.707        0.000      567.789      655.758
      25.727        0.000      567.789      655.758
      25.746        0.000      568.047      655.758
      25.765        0.000      568.047      655.758
      25.784        0.000      568.047      655.758
      25.803        0.000      568.047      655.758
      25.822        0.000      568.305      655.758
      25.841        0.000      568.305      655.758
      25.860        0.000      568.305      655.758
      25.879        0.000      568.305      655.758
      25.898        0.000      568.562      655.758
      25.918        0.000      568.562      655.758
      25.937        0.000      568.562      655.758
      25.956        0.000      568.562      655.758
      25.975        0.000      568.820      655.758
      25.994        0.000      568.820      655.758
      26.013        0.000      568.820      655.758
      26.032        0.000      568.820      655.758
      26.051        0.000      569.078      655.758
      26.070        0.000      569.078      655.758
      26.089        0.000      569.078      655.758
      26.108        0.000      569.078      655.758
      26.127        0.000      569.336      655.758
      26.146        0.000      569.336      655.758
      26.165        0.000      569.336      655.758
      26.184        0.000      569.594      655.758
      26.203        0.000      569.594      655.758
      26.222        0.000      569.594      655.758
      26.241        0.000      569.594      655.758
      26.260        0.000      569.852      655.758
      26.279        0.000      569.852      655.758
      26.298        0.000      569.852      655.758
      26.317        0.000      570.109      655.758
      26.336        0.000      570.109      655.758
      26.355        0.000      570.109      655.758
      26.374        0.000      570.109      655.758
      26.393        0.000      570.367      655.758
      26.412        0.000      570.367      655.758
      26.431        0.000      570.367      655.758
      26.450        0.000      570.367      655.758
      26.469        0.000      570.625      655.758
      26.488        0.000      570.625      655.758
      26.507        0.000      570.625      655.758
      26.526        0.000      570.625      655.758
      26.545        0.000      570.625      655.758
      26.564        0.000      570.883      655.758
      26.583        0.000      570.883      655.758
      26.602        0.000      570.883      655.758
      26.621        0.000      571.141      655.758
      26.640        0.000      571.141      655.758
      26.659        0.000      571.141      655.758
      26.678        0.000      571.141      655.758
      26.697        0.000      571.398      655.758
      26.716        0.000      571.398      655.758
      26.735        0.000      571.398      655.758
      26.754        0.000      571.398      655.758
      26.773        0.000      571.656      655.758
      26.792        0.000      571.656      655.758
      26.811        0.000      571.656      655.758
      26.830        0.000      571.656      655.758
      26.849        0.000      571.914      655.758
      26.868        0.000      571.914      655.758
      26.887        0.000      571.914      655.758
      26.906        0.000      572.172      655.758
      26.926        0.000      572.172      655.758
      26.944        0.000      572.172      655.758
      26.964        0.000      572.172      655.758
      26.983        0.000      572.430      655.758
      27.002        0.000      572.430      655.758
      27.021        0.000      572.430      655.758
      27.040        0.000      572.430      655.758
      27.059        0.000      572.430      655.758
      27.078        0.000      572.688      655.758
      27.097        0.000      572.688      655.758
      27.116        0.000      572.688      655.758
      27.135        0.000      572.688      655.758
      27.154        0.000      572.945      655.758
      27.173        0.000      572.945      655.758
      27.192        0.000      572.945      655.758
      27.211        0.000      572.945      655.758
      27.230        0.000      572.945      655.758
      27.249        0.000      573.203      655.758
      27.268        0.000      573.203      655.758
      27.287        0.000      573.203      655.758
      27.305        0.000      573.203      655.758
      27.325        0.000      573.203      655.758
      27.344        0.000      573.461      655.758
      27.362        0.000      573.461      655.758
      27.382        0.000      573.461      655.758
      27.401        0.000      573.461      655.758
      27.420        0.000      573.461      655.758
      27.439        0.000      573.719      655.758
      27.458        0.000      573.719      655.758
      27.477        0.000      573.719      655.758
      27.496        0.000      573.719      655.758
      27.515        0.000      573.719      655.758
      27.534        0.000      573.719      655.758
      27.554        0.000      573.977      655.758
      27.583        0.000      573.977      655.758
      27.601        0.000      573.977      655.758
      27.621        0.000      573.977      655.758
      27.639        0.000      573.977      655.758
      27.658        0.000      573.977      655.758
      27.677        0.000      573.977      655.758
      27.696        0.000      573.977      655.758
      27.715        0.000      573.977      655.758
      27.734        0.000      573.977      655.758
      27.753        0.000      573.977      655.758
      27.772        0.000      573.977      655.758
      27.791        0.000      573.977      655.758
      27.810        0.000      573.977      655.758
      27.829        0.000      573.977      655.758
      27.848        0.000      573.977      655.758
      27.867        0.000      573.977      655.758
      27.886        0.000      573.977      655.758
      27.906        0.000      573.977      655.758
      27.925        0.000      573.977      655.758
      27.943        0.000      573.977      655.758
      27.963        0.000      573.977      655.758
      27.981        0.000      573.977      655.758
      28.000        0.000      573.977      655.758
      28.020        0.000      573.977      655.758
      28.039        0.000      573.977      655.758
      28.057        0.000      573.977      655.758
      28.077        0.000      573.977      655.758
      28.096        0.000      573.977      655.758
      28.114        0.000      573.977      655.758
      28.134        0.000      573.977      655.758
      28.152        0.000      573.977      655.758
      28.171        0.000      573.977      655.758
      28.191        0.000      573.977      655.758
      28.210        0.000      573.977      655.758
      28.229        0.000      573.977      655.758
      28.248        0.000      573.977      655.758
      28.267        0.000      573.977      655.758
      28.286        0.000      573.977      655.758
      28.305        0.000      573.977      655.758
      28.324        0.000      573.977      655.758
      28.343        0.000      573.977      655.758
      28.362        0.000      573.977      655.758
      28.381        0.000      573.977      655.758
      28.401        0.000      573.977      655.758
      28.420        0.000      573.977      655.758
      28.439        0.000      573.977      655.758
      28.458        0.000      573.977      655.758
      28.477        0.000      573.977      655.758
      28.496        0.000      573.977      655.758
      28.515        0.000      573.977      655.758
      28.534        0.000      573.977      655.758
      28.553        0.000      573.977      655.758
      28.572        0.000      573.977      655.758
      28.591        0.000      573.977      655.758
      28.610        0.000      573.977      655.758
      28.629        0.000      573.977      655.758
      28.648        0.000      573.977      655.758
      28.667        0.000      573.977      655.758
      28.686        0.000      573.977      655.758
      28.706        0.000      573.977      655.758
      28.724        0.000      573.977      655.758
      28.743        0.000      573.977      655.758
      28.762        0.000      573.977      655.758
      28.781        0.000      573.977      655.758
      28.800        0.000      573.977      655.758
      28.819        0.000      573.977      655.758
      28.838        0.000      573.977      655.758
      28.857        0.000      573.977      655.758
      28.876        0.000      573.977      655.758
      28.895        0.000      573.977      655.758
      28.914        0.000      573.977      655.758
      28.933        0.000      573.977      655.758
      28.952        0.000      573.977      655.758
      28.971        0.000      573.977      655.758
      28.990        0.000      573.977      655.758
      29.009        0.000      573.977      655.758
      29.028        0.000      573.977      655.758
      29.047        0.000      573.977      655.758
      29.066        0.000      573.977      655.758
      29.085        0.000      573.977      655.758
      29.104        0.000      573.977      655.758
      29.123        0.000      573.977      655.758
      29.142        0.000      573.977      655.758
      29.161        0.000      573.977      655.758
      29.180        0.000      573.977      655.758
      29.199        0.000      573.977      655.758
      29.218        0.000      573.977      655.758
      29.237        0.000      573.977      655.758
      29.256        0.000      573.977      655.758
      29.275        0.000      573.977      655.758
      29.294        0.000      573.977      655.758
      29.313        0.000      573.977      655.758
      29.332        0.000      573.977      655.758
      29.351        0.000      573.977      655.758
      29.370        0.000      573.977      655.758
      29.389        0.000      573.977      655.758
      29.411        0.000      573.977      655.758
      29.433        0.000      573.977      655.758
      29.456        0.000      573.977      655.758
      29.478        0.000      573.977      655.758
      29.500        0.000      573.977      655.758
      29.523        0.000      573.977      655.758
      29.545        0.000      573.977      655.758
      29.568        0.000      573.977      655.758
      29.590        0.000      573.977      655.758
      29.609        0.000      573.977      655.758
      29.628        0.000      573.977      655.758
      29.647        0.000      573.977      655.758
      29.666        0.000      573.977      655.758
      29.685        0.000      573.977      655.758
      29.704        0.000      573.977      655.758
      29.723        0.000      573.977      655.758
      29.742        0.000      573.977      655.758
      29.761        0.000      573.977      655.758
      29.780        0.000      573.977      655.758
      29.798        0.000      573.977      655.758
      29.818        0.000      573.977      655.758
      29.837        0.000      573.977      655.758
      29.856        0.000      573.977      655.758
      29.875        0.000      573.977      655.758
      29.894        0.000      573.977      655.758
      29.913        0.000      573.977      655.758
      29.932        0.000      573.977      655.758
      29.951        0.000      573.977      655.758
      29.970        0.000      573.977      655.758
      29.991        0.000      573.977      655.758
      30.011        0.000      573.977      655.758
      30.034        0.000      573.977      655.758
      30.053        0.000      573.977      655.758
      30.072        0.000      573.977      655.758
      30.091        0.000      573.977      655.758
      30.110        0.000      573.977      655.758
      30.129        0.000      573.977      655.758
      30.148        0.000      573.977      655.758
      30.167        0.000      573.977      655.758
      30.186        0.000      573.977      655.758
      30.205        0.000      573.977      655.758
      30.224        0.000      573.977      655.758
      30.243        0.000      573.977      655.758
      30.262        0.000      573.977      655.758
      30.281        0.000      573.977      655.758
      30.300        0.000      573.977      655.758
      30.319        0.000      573.977      655.758
      30.338        0.000      573.977      655.758
      30.357        0.000      573.977      655.758
      30.376        0.000      573.977      655.758
      30.395        0.000      573.977      655.758
      30.414        0.000      573.977      655.758
      30.433        0.000      573.977      655.758
      30.452        0.000      573.977      655.758
      30.471        0.000      573.977      655.758
      30.490        0.000      573.977      655.758
      30.509        0.000      573.977      655.758
      30.528        0.000      573.977      655.758
      30.547        0.000      573.977      655.758
      30.566        0.000      573.977      655.758
      30.585        0.000      573.977      655.758
      30.604        0.000      573.977      655.758
      30.623        0.000      573.977      655.758
      30.642        0.000      573.977      655.758
      30.661        0.000      573.977      655.758
      30.680        0.000      573.977      655.758
      30.699        0.000      573.977      655.758
      30.718        0.000      573.977      655.758
      30.738        0.000      573.977      655.758
      30.757        0.000      573.977      655.758
      30.776        0.000      573.977      655.758
      30.795        0.000      573.977      655.758
      30.814        0.000      573.977      655.758
      30.833        0.000      573.977      655.758
      30.852        0.000      573.977      655.758
      30.871        0.000      573.977      655.758
      30.890        0.000      573.977      655.758
      30.909        0.000      573.977      655.758
      30.928        0.000      573.977      655.758
      30.946        0.000      573.977      655.758
      30.966        0.000      573.977      655.758
      30.985        0.000      573.977      655.758
      31.004        0.000      573.977      655.758
      31.023        0.000      573.977      655.758
      31.042        0.000      573.977      655.758
      31.061        0.000      573.977      655.758
      31.080        0.000      573.977      655.758
      31.098        0.000      573.977      655.758
      31.117        0.000      573.977      655.758
      31.137        0.000      573.977      655.758
      31.155        0.000      573.977      655.758
      31.174        0.000      573.977      655.758
      31.194        0.000      573.977      655.758
      31.213        0.000      573.977      655.758
      31.231        0.000      573.977      655.758
      31.251        0.000      573.977      655.758
      31.270        0.000      573.977      655.758
      31.289        0.000      573.977      655.758
      31.308        0.000      573.977      655.758
      31.327        0.000      573.977      655.758
      31.346        0.000      573.977      655.758
      31.365        0.000      573.977      655.758
      31.384        0.000      573.977      655.758
      31.403        0.000      573.977      655.758
      31.423        0.000      573.977      655.758
      31.442        0.000      573.977      655.758
      31.461        0.000      573.977      655.758
      31.480        0.000      573.977      655.758
      31.499        0.000      573.977      655.758
      31.518        0.000      573.977      655.758
      31.537        0.000      573.977      655.758
      31.556        0.000      573.977      655.758
      31.575        0.000      573.977      655.758
      31.594        0.000      573.977      655.758
      31.613        0.000      573.977      655.758
      31.632        0.000      573.977      655.758
      31.651        0.000      573.977      655.758
      31.670        0.000      573.977      655.758
      31.689        0.000      573.977      655.758
      31.708        0.000      573.977      655.758
      31.727        0.000      573.977      655.758
      31.745        0.000      573.977      655.758
      31.765        0.000      573.977      655.758
      31.783        0.000      573.977      655.758
      31.802        0.000      573.977      655.758
      31.821        0.000      573.977      655.758
      31.840        0.000      573.977      655.758
      31.859        0.000      573.977      655.758
      31.878        0.000      573.977      655.758
      31.897        0.000      573.977      655.758
      31.916        0.000      573.977      655.758
      31.935        0.000      573.977      655.758
      31.954        0.000      573.977      655.758
      31.973        0.000      573.977      655.758
      31.992        0.000      573.977      655.758
      32.011        0.000      573.977      655.758
      32.030        0.000      573.977      655.758
      32.050        0.000      573.977      655.758
      32.068        0.000      573.977      655.758
      32.087        0.000      573.977      655.758
      32.106        0.000      573.977      655.758
      32.125        0.000      573.977      655.758
      32.144        0.000      573.977      655.758
      32.163        0.000      573.977      655.758
      32.182        0.000      573.977      655.758
      32.201        0.000      573.977      655.758
      32.220        0.000      573.977      655.758
      32.239        0.000      573.977      655.758
      32.258        0.000      573.977      655.758
      32.277        0.000      573.977      655.758
      32.295        0.000      573.977      655.758
      32.314        0.000      573.977      655.758
      32.333        0.000      573.977      655.758
      32.352        0.000      573.977      655.758
      32.371        0.000      573.977      655.758
      32.390        0.000      573.977      655.758
      32.409        0.000      573.977      655.758
      32.428        0.000      573.977      655.758
      32.448        0.000      573.977      655.758
      32.468        0.000      601.305      799.703
      32.486        0.000      639.719      799.703
      32.505        0.000      677.617      799.703
      32.523        0.000      715.773      799.703
      32.542        0.000      717.836      799.703
      32.561        0.000      717.836      799.703
      32.580        0.000      718.867     1087.594
      32.601        0.000      755.992     1087.594
      32.619        0.000      793.891     1087.594
      32.638        0.000      832.047     1087.594
      32.656        0.000      870.719     1087.594
      32.675        0.000      908.875     1087.594
      32.693        0.000      947.031     1087.594
      32.712        0.000      985.703     1087.594
      32.730        0.000     1005.812     1087.594
      32.749        0.000     1005.812     1087.594
      32.768        0.000     1005.812     1087.594
      32.788        0.000     1024.633     1375.484
      32.807        0.000     1062.273     1375.484
      32.826        0.000     1100.172     1375.484
      32.844        0.000     1137.812     1375.484
      32.863        0.000     1175.711     1375.484
      32.881        0.000     1214.898     1375.484
      32.900        0.000     1253.055     1375.484
      32.919        0.000     1291.211     1375.484
      32.937        0.000     1329.109     1519.430
      32.956        0.000     1367.008     1519.430
      32.974        0.000     1405.164     1519.430
      32.993        0.000     1437.648     1519.430
      33.012        0.000     1437.648     1519.430
      33.031        0.000     1437.648     1519.430
      33.050        0.000     1094.324     1231.539
      33.069        0.000     1018.258     1231.539
      33.088        0.000     1056.156     1231.539
      33.106        0.000     1094.312     1231.539
      33.125        0.000     1132.211     1231.539
      33.143        0.000     1169.078     1519.430
      33.161        0.000     1207.234     1519.430
      33.180        0.000     1244.359     1519.430
      33.198        0.000     1282.000     1519.430
      33.217        0.000     1319.383     1519.430
      33.235        0.000     1355.992     1519.430
      33.254        0.000     1393.375     1519.430
      33.272        0.000     1431.531     1519.430
      33.291        0.000     1066.480     1375.484
      33.309        0.000     1005.887     1087.594
      33.328        0.000     1005.887     1087.594
      33.346        0.000     1005.887     1087.594
      33.364        0.000     1005.887     1087.594
      33.383        0.000     1005.887     1087.594
      33.401        0.000     1005.887     1087.594
      33.420        0.000     1005.887     1087.594
      33.438        0.000     1005.887     1087.594
      33.457        0.000     1005.887     1087.594
      33.475        0.000     1005.887     1087.594
      33.493        0.000     1005.887     1087.594
      33.512        0.000     1005.887     1087.594
      33.531        0.000     1005.887     1087.594
      33.551        0.000     1005.887     1087.594
      33.570        0.000     1005.887     1087.594
      33.589        0.000     1005.887     1087.594
      33.609        0.000     1005.887     1087.594
      33.628        0.000     1005.949     1089.637
      33.647        0.000        0.812        4.402
      33.666        0.000        0.812        4.402
      33.685        0.000        0.812        4.402
