# Elapsed time   CPU (%)     Real (MB)   Virtual (MB)
       0.001        0.000        1.871       37.426
       0.020        0.000        7.293       56.039
       0.039        0.000       11.418       59.953
       0.061        0.000       15.785       65.012
       0.081        0.000       20.457       72.863
       0.103        0.000       23.414       79.254
       0.124        0.000       26.438       98.504
       0.143        0.000       29.406      101.168
       0.165        0.000       32.445      104.070
       0.183        0.000       33.988      107.547
       0.203        0.000       36.418      111.980
       0.221        0.000       35.430      110.824
       0.240        0.000       37.008      114.949
       0.259        0.000       37.523      115.395
       0.277        0.000       37.582      116.031
       0.296        0.000       40.160      117.824
       0.316        0.000       42.859      123.051
       0.335        0.000       47.504      127.445
       0.353        0.000       47.465      127.473
       0.372        0.000       45.824      125.680
       0.391        0.000       45.824      125.680
       0.410        0.000       52.266      132.016
       0.429        0.000       52.266      132.016
       0.447        0.000       53.039      133.113
       0.466        0.000       53.039      133.113
       0.485        0.000       54.328      134.223
       0.503        0.000       61.805      141.711
       0.521        0.000       63.094      143.102
       0.540        0.000       63.352      143.371
       0.558        0.000       63.352      143.371
       0.576        0.000       63.609      143.566
       0.595        0.000       63.609      143.566
       0.615        0.000       64.125      144.082
       0.634        0.000       71.086      151.027
       0.652        0.000       71.859      151.730
       0.671        0.000       72.375      152.254
       0.689        0.000       72.375      152.383
       0.708        0.000       72.375      152.383
       0.727        0.000       72.375      152.383
       0.747        0.000       77.273      157.281
       0.766        0.000       82.688      162.695
       0.784        0.000       82.688      162.695
       0.802        0.000       82.945      162.961
       0.820        0.000       83.719      163.723
       0.839        0.000       83.719      163.723
       0.857        0.000       83.719      163.723
       0.875        0.000       85.266      165.172
       0.894        0.000       86.039      166.113
       0.912        0.000       86.039      166.113
       0.930        0.000       86.039      166.113
       0.949        0.000       86.039      166.113
       0.969        0.000       86.039      166.113
       0.988        0.000       86.293      168.453
       1.007        0.000       86.293      168.453
       1.027        0.000       86.293      168.453
       1.051        0.000       90.703      172.848
       1.075        0.000       97.664      179.938
       1.098        0.000       99.469      181.645
       1.123        0.000       99.469      181.645
       1.147        0.000       99.727      182.457
       1.166        0.000       99.984      182.457
       1.184        0.000      100.242      182.457
       1.202        0.000      104.801      186.859
       1.221        0.000      109.184      191.324
       1.240        0.000      109.184      191.324
       1.259        0.000      109.184      191.324
       1.278        0.000      114.598      196.531
       1.299        0.000      114.598      196.531
       1.319        0.000      114.598      196.531
       1.337        0.000      114.703      198.574
       1.356        0.000        0.812        4.402
