# Elapsed time   CPU (%)     Real (MB)   Virtual (MB)
       0.001        0.000       13.852       62.082
       0.023        0.000       20.516       72.742
       0.046        0.000       27.133       98.922
       0.066        0.000       31.188      102.832
       0.087        0.000       34.020      109.566
       0.108        0.000       35.449      110.828
       0.126        0.000       36.777      114.297
       0.145        0.000       37.293      114.953
       0.164        0.000       37.809      115.398
       0.183        0.000       38.379      116.035
       0.202        0.000       42.246      119.762
       0.220        0.000       48.875      128.781
       0.239        0.000       45.887      125.684
       0.258        0.000       45.887      125.684
       0.277        0.000       47.430      127.230
       0.296        0.000       52.328      132.020
       0.315        0.000       52.328      132.211
       0.333        0.000       53.102      133.117
       0.352        0.000       53.102      133.117
       0.372        0.000       57.027      136.938
       0.390        0.000       62.441      142.246
       0.409        0.000       63.473      143.375
       0.427        0.000       63.473      143.375
       0.446        0.000       63.730      143.570
       0.465        0.000       63.730      143.570
       0.485        0.000       63.730      143.570
       0.505        0.000       69.402      149.098
       0.523        0.000       71.723      151.469
       0.542        0.000       72.496      152.258
       0.561        0.000       72.496      152.387
       0.580        0.000       72.496      152.387
       0.600        0.000       72.496      152.387
       0.620        0.000       75.074      154.836
       0.638        0.000       82.809      162.699
       0.657        0.000       82.809      162.699
       0.675        0.000       83.066      162.828
       0.694        0.000       83.840      163.727
       0.712        0.000       83.840      163.727
       0.731        0.000       83.840      163.727
       0.749        0.000       85.387      165.176
       0.768        0.000       86.160      166.117
       0.787        0.000       86.160      166.117
       0.805        0.000       86.160      166.117
       0.824        0.000       86.160      166.117
       0.844        0.000       86.160      166.117
       0.864        0.000       86.418      168.457
       0.883        0.000       86.418      168.457
       0.905        0.000       87.031      168.980
       0.925        0.000       92.961      175.043
       0.945        0.000       98.633      180.742
       0.964        0.000       99.664      181.648
       0.985        0.000       99.664      181.648
       1.004        0.000       99.664      181.648
       1.023        0.000       99.664      181.648
       1.044        0.000       99.664      189.664
       1.065        0.000       99.664      189.664
       1.086        0.000       99.664      189.664
       1.107        0.000       99.664      197.680
       1.128        0.000       99.664      197.680
       1.149        0.000       99.664      197.680
       1.169        0.000       99.664      213.707
       1.190        0.000       99.922      213.707
       1.208        0.000      100.180      213.707
       1.226        0.000      100.438      213.707
       1.245        0.000      100.695      213.707
       1.263        0.000      100.953      213.707
       1.281        0.000      100.953      213.707
       1.299        0.000      101.211      213.707
       1.318        0.000      101.469      213.707
       1.336        0.000      101.727      213.707
       1.355        0.000      101.984      213.707
       1.373        0.000      102.242      213.707
       1.391        0.000      102.500      213.707
       1.410        0.000      102.758      213.707
       1.428        0.000      103.016      213.707
       1.446        0.000      103.273      213.707
       1.464        0.000      103.531      213.707
       1.483        0.000      103.789      213.707
       1.501        0.000      103.789      213.707
       1.519        0.000      104.047      213.707
       1.537        0.000      104.305      213.707
       1.556        0.000      104.562      213.707
       1.574        0.000      104.820      213.707
       1.592        0.000      105.078      213.707
       1.610        0.000      105.336      213.707
       1.629        0.000      105.594      213.707
       1.647        0.000      105.852      213.707
       1.665        0.000      106.109      213.707
       1.684        0.000      106.367      213.707
       1.702        0.000      106.367      213.707
       1.720        0.000      106.625      213.707
       1.739        0.000      106.883      213.707
       1.757        0.000      107.141      213.707
       1.775        0.000      107.398      213.707
       1.794        0.000      107.656      213.707
       1.812        0.000      107.914      213.707
       1.830        0.000      108.172      213.707
       1.849        0.000      108.430      213.707
       1.867        0.000      108.688      213.707
       1.885        0.000      108.945      213.707
       1.904        0.000      108.945      213.707
       1.922        0.000      109.203      213.707
       1.940        0.000      109.461      213.707
       1.958        0.000      109.719      213.707
       1.977        0.000      109.977      213.707
       1.995        0.000      110.234      213.707
       2.013        0.000      110.492      213.707
       2.031        0.000      110.750      213.707
       2.050        0.000      111.008      213.707
       2.068        0.000      111.266      213.707
       2.086        0.000      111.523      213.707
       2.104        0.000      111.523      213.707
       2.123        0.000      111.781      213.707
       2.141        0.000      112.039      213.707
       2.159        0.000      112.297      213.707
       2.178        0.000      112.555      213.707
       2.196        0.000      112.812      213.707
       2.214        0.000      113.070      213.707
       2.232        0.000      113.328      213.707
       2.251        0.000      113.586      213.707
       2.269        0.000      113.586      213.707
       2.288        0.000      113.844      213.707
       2.306        0.000      114.102      213.707
       2.324        0.000      114.359      213.707
       2.342        0.000      114.617      213.707
       2.361        0.000      114.875      213.707
       2.379        0.000      115.133      213.707
       2.397        0.000      115.391      213.707
       2.415        0.000      115.648      213.707
       2.433        0.000      115.906      213.707
       2.452        0.000      115.906      213.707
       2.470        0.000      116.164      213.707
       2.488        0.000      116.422      213.707
       2.506        0.000      116.680      213.707
       2.524        0.000      116.938      213.707
       2.543        0.000      117.195      213.707
       2.561        0.000      117.453      213.707
       2.579        0.000      117.711      213.707
       2.597        0.000      117.969      213.707
       2.616        0.000      117.969      213.707
       2.634        0.000      118.227      213.707
       2.652        0.000      118.484      213.707
       2.671        0.000      118.742      213.707
       2.689        0.000      119.000      213.707
       2.707        0.000      119.258      213.707
       2.725        0.000      119.516      213.707
       2.743        0.000      119.773      213.707
       2.762        0.000      120.031      213.707
       2.780        0.000      120.031      213.707
       2.798        0.000      120.289      213.707
       2.817        0.000      120.547      213.707
       2.835        0.000      120.805      213.707
       2.854        0.000      121.062      213.707
       2.872        0.000      121.320      213.707
       2.890        0.000      121.578      213.707
       2.908        0.000      121.836      213.707
       2.926        0.000      122.094      213.707
       2.945        0.000      122.094      213.707
       2.963        0.000      122.352      213.707
       2.981        0.000      122.609      213.707
       3.000        0.000      122.867      213.707
       3.018        0.000      123.125      213.707
       3.036        0.000      123.383      213.707
       3.055        0.000      123.641      213.707
       3.073        0.000      123.898      213.707
       3.091        0.000      124.156      213.707
       3.109        0.000      124.156      213.707
       3.128        0.000      124.414      213.707
       3.146        0.000      124.672      213.707
       3.164        0.000      124.930      213.707
       3.182        0.000      125.188      213.707
       3.200        0.000      125.445      213.707
       3.219        0.000      125.703      213.707
       3.237        0.000      125.961      213.707
       3.255        0.000      126.219      213.707
       3.274        0.000      126.477      213.707
       3.292        0.000      126.477      213.707
       3.310        0.000      126.734      213.707
       3.329        0.000      126.992      213.707
       3.347        0.000      127.250      213.707
       3.365        0.000      127.508      213.707
       3.384        0.000      127.766      213.707
       3.402        0.000      128.023      213.707
       3.420        0.000      128.281      213.707
       3.438        0.000      128.539      213.707
       3.457        0.000      128.797      213.707
       3.475        0.000      128.797      213.707
       3.493        0.000      129.055      213.707
       3.511        0.000      129.312      213.707
       3.529        0.000      129.570      213.707
       3.548        0.000      129.828      213.707
       3.566        0.000      130.086      213.707
       3.584        0.000      130.344      213.707
       3.602        0.000      130.602      213.707
       3.621        0.000      130.859      213.707
       3.639        0.000      131.117      213.707
       3.657        0.000      131.117      213.707
       3.676        0.000      131.375      213.707
       3.694        0.000      139.625      221.723
       3.713        0.000      139.625      221.723
       3.731        0.000      139.625      221.723
       3.751        0.000      138.734      221.727
       3.772        0.000      139.766      221.727
       3.792        0.000      139.766      221.727
       3.813        0.000      131.773      229.738
       3.834        0.000      160.129      245.762
       3.853        0.000      163.648      245.762
       3.871        0.000      163.648      245.762
       3.891        0.000      163.648      245.762
       3.911        0.000      147.797      229.734
       3.931        0.000      151.719      233.770
       3.950        0.000      180.648      263.824
       3.970        0.000      181.938      263.824
       3.991        0.000      205.914      289.863
       4.012        0.000      207.977      289.863
       4.030        0.000      207.977      289.863
       4.050        0.000      207.977      289.863
       4.070        0.000      200.035      281.848
       4.091        0.000      203.977      285.859
       4.112        0.000      203.977      285.859
       4.133        0.000      228.469      311.902
       4.153        0.000      230.016      311.902
       4.172        0.000      230.016      311.902
       4.192        0.000      230.016      311.902
       4.212        0.000      190.094      271.844
       4.232        0.000      204.273      299.895
       4.252        0.000      206.078      299.895
       4.271        0.000      206.078      299.895
       4.289        0.000      206.078      299.895
       4.308        0.000      206.852      299.895
       4.327        0.000      207.625      299.895
       4.346        0.000      207.883      299.895
       4.366        0.000      208.656      299.895
       4.386        0.000      208.914      299.895
       4.406        0.000      209.430      299.895
       4.426        0.000      209.945      299.895
       4.447        0.000      210.203      299.895
       4.468        0.000      210.461      299.895
       4.489        0.000      210.977      299.895
       4.511        0.000      211.234      299.895
       4.532        0.000      211.750      299.895
       4.553        0.000      212.008      299.895
       4.576        0.000      212.266      299.895
       4.597        0.000      212.523      299.895
       4.619        0.000      212.781      299.895
       4.641        0.000      213.039      299.895
       4.664        0.000      213.039      299.895
       4.685        0.000      194.203      287.879
       4.704        0.000      201.418      287.879
       4.723        0.000      214.051      297.895
       4.742        0.000      214.051      297.895
       4.760        0.000      214.051      297.895
       4.778        0.000      214.051      297.895
       4.798        0.000      214.051      297.895
       4.817        0.000      215.855      297.895
       4.836        0.000      237.254      723.426
       4.855        0.000      295.520      723.426
       4.874        0.000      353.527      723.426
       4.893        0.000      413.082      723.426
       4.912        0.000      471.348      723.426
       4.931        0.000      528.582      723.426
       4.950        0.000      586.332      723.426
       4.970        0.000      593.293      723.426
       4.988        0.000      593.293      723.426
       5.006        0.000      593.293      723.426
       5.025        0.000      593.293      723.426
       5.044        0.000      593.551      723.426
       5.063        0.000      593.551      723.426
       5.083        0.000      593.809      723.426
       5.101        0.000      593.809      723.426
       5.120        0.000      593.809      723.426
       5.139        0.000      594.066      723.426
       5.157        0.000      594.066      723.426
       5.176        0.000      594.324      723.426
       5.195        0.000      594.324      723.426
       5.214        0.000      594.324      723.426
       5.232        0.000      594.324      723.426
       5.251        0.000      594.324      723.426
       5.270        0.000      594.582      723.426
       5.289        0.000      594.840      723.426
       5.308        0.000      594.840      723.426
       5.327        0.000      594.840      723.426
       5.346        0.000      594.840      723.426
       5.364        0.000      594.840      723.426
       5.383        0.000      594.840      723.426
       5.402        0.000      595.098      723.426
       5.421        0.000      595.355      723.426
       5.440        0.000      595.355      723.426
       5.459        0.000      595.355      723.426
       5.477        0.000      595.355      723.426
       5.496        0.000      595.355      723.426
       5.515        0.000      595.355      723.426
       5.534        0.000      595.355      723.426
       5.552        0.000      595.355      723.426
       5.571        0.000      595.613      723.426
       5.590        0.000      595.613      723.426
       5.609        0.000      595.871      723.426
       5.628        0.000      595.871      723.426
       5.648        0.000      595.871      723.426
       5.666        0.000      595.871      723.426
       5.685        0.000      595.871      723.426
       5.703        0.000      595.871      723.426
       5.722        0.000      595.871      723.426
       5.741        0.000      595.871      723.426
       5.760        0.000      595.871      723.426
       5.779        0.000      596.129      723.426
       5.798        0.000      596.129      723.426
       5.818        0.000      596.129      723.426
       5.837        0.000      596.129      723.426
       5.856        0.000      596.129      723.426
       5.874        0.000      596.129      723.426
       5.893        0.000      596.387      723.426
       5.913        0.000      596.387      723.426
       5.932        0.000      596.645      723.426
       5.951        0.000      596.645      723.426
       5.970        0.000      596.645      723.426
       5.990        0.000      596.902      723.426
       6.009        0.000      596.902      723.426
       6.028        0.000      596.902      723.426
       6.047        0.000      596.902      723.426
       6.066        0.000      597.160      723.426
       6.085        0.000      597.160      723.426
       6.104        0.000      597.418      723.426
       6.124        0.000      597.676      723.426
       6.143        0.000      597.676      723.426
       6.162        0.000      597.676      723.426
       6.181        0.000      597.934      723.426
       6.200        0.000      597.934      723.426
       6.220        0.000      597.934      723.426
       6.239        0.000      598.191      723.426
       6.258        0.000      598.191      723.426
       6.277        0.000      598.449      723.426
       6.296        0.000      598.449      723.426
       6.316        0.000      598.707      723.426
       6.336        0.000      598.707      723.426
       6.355        0.000      598.707      723.426
       6.374        0.000      598.965      723.426
       6.393        0.000      598.965      723.426
       6.412        0.000      598.965      723.426
       6.431        0.000      598.965      723.426
       6.451        0.000      599.223      723.426
       6.470        0.000      599.223      723.426
       6.489        0.000      599.480      723.426
       6.508        0.000      599.480      723.426
       6.527        0.000      599.738      723.426
       6.546        0.000      599.738      723.426
       6.566        0.000      599.738      723.426
       6.585        0.000      599.996      723.426
       6.604        0.000      599.996      723.426
       6.623        0.000      600.254      723.426
       6.642        0.000      600.254      723.426
       6.661        0.000      600.254      723.426
       6.681        0.000      600.254      723.426
       6.700        0.000      600.512      723.426
       6.719        0.000      600.512      723.426
       6.738        0.000      600.770      723.426
       6.757        0.000      600.770      723.426
       6.776        0.000      600.770      723.426
       6.796        0.000      600.770      723.426
       6.815        0.000      601.027      723.426
       6.834        0.000      601.027      723.426
       6.854        0.000      601.027      723.426
       6.873        0.000      601.285      723.426
       6.892        0.000      601.285      723.426
       6.911        0.000      601.543      723.426
       6.930        0.000      601.543      723.426
       6.949        0.000      601.801      723.426
       6.969        0.000      602.059      723.426
       6.988        0.000      602.059      723.426
       7.007        0.000      602.316      723.426
       7.026        0.000      602.574      723.426
       7.045        0.000      602.574      723.426
       7.064        0.000      602.832      723.426
       7.084        0.000      602.832      723.426
       7.103        0.000      603.090      723.426
       7.122        0.000      603.090      723.426
       7.141        0.000      603.090      723.426
       7.161        0.000      603.348      723.426
       7.180        0.000      603.348      723.426
       7.199        0.000      603.348      723.426
       7.218        0.000      603.605      723.426
       7.238        0.000      603.605      723.426
       7.257        0.000      603.863      723.426
       7.276        0.000      603.863      723.426
       7.295        0.000      603.863      723.426
       7.315        0.000      604.121      723.426
       7.334        0.000      604.121      723.426
       7.353        0.000      604.121      723.426
       7.372        0.000      604.121      723.426
       7.392        0.000      604.379      723.426
       7.411        0.000      604.379      723.426
       7.430        0.000      604.637      723.426
       7.449        0.000      604.637      723.426
       7.468        0.000      604.637      723.426
       7.488        0.000      604.895      723.426
       7.507        0.000      604.895      723.426
       7.526        0.000      604.895      723.426
       7.545        0.000      604.895      723.426
       7.564        0.000      605.152      723.426
       7.583        0.000      605.152      723.426
       7.602        0.000      605.152      723.426
       7.621        0.000      605.152      723.426
       7.640        0.000      605.410      723.426
       7.660        0.000      605.410      723.426
       7.679        0.000      605.668      723.426
       7.698        0.000      605.668      723.426
       7.717        0.000      605.668      723.426
       7.736        0.000      605.668      723.426
       7.755        0.000      605.668      723.426
       7.775        0.000      605.926      723.426
       7.794        0.000      605.926      723.426
       7.813        0.000      605.926      723.426
       7.833        0.000      605.926      723.426
       7.852        0.000      606.184      723.426
       7.871        0.000      606.184      723.426
       7.890        0.000      606.184      723.426
       7.909        0.000      606.441      723.426
       7.928        0.000      606.441      723.426
       7.948        0.000      606.441      723.426
       7.967        0.000      606.699      723.426
       7.986        0.000      606.699      723.426
       8.005        0.000      606.699      723.426
       8.024        0.000      606.957      723.426
       8.044        0.000      606.957      723.426
       8.063        0.000      606.957      723.426
       8.082        0.000      607.215      723.426
       8.101        0.000      607.215      723.426
       8.121        0.000      607.215      723.426
       8.140        0.000      607.215      723.426
       8.159        0.000      607.473      723.426
       8.178        0.000      607.473      723.426
       8.197        0.000      607.473      723.426
       8.216        0.000      607.730      723.426
       8.235        0.000      607.730      723.426
       8.254        0.000      607.730      723.426
       8.273        0.000      607.730      723.426
       8.293        0.000      607.730      723.426
       8.312        0.000      607.988      723.426
       8.331        0.000      607.988      723.426
       8.350        0.000      607.988      723.426
       8.369        0.000      608.246      723.426
       8.389        0.000      608.246      723.426
       8.408        0.000      608.504      723.426
       8.427        0.000      608.504      723.426
       8.446        0.000      608.504      723.426
       8.466        0.000      608.762      723.426
       8.485        0.000      608.762      723.426
       8.504        0.000      609.020      723.426
       8.523        0.000      609.020      723.426
       8.543        0.000      609.020      723.426
       8.562        0.000      609.277      723.426
       8.581        0.000      609.277      723.426
       8.600        0.000      609.535      723.426
       8.620        0.000      609.535      723.426
       8.639        0.000      609.535      723.426
       8.658        0.000      609.793      723.426
       8.679        0.000      609.793      723.426
       8.699        0.000      610.051      723.426
       8.718        0.000      610.051      723.426
       8.737        0.000      610.309      723.426
       8.756        0.000      610.309      723.426
       8.776        0.000      610.309      723.426
       8.795        0.000      610.566      723.426
       8.814        0.000      610.566      723.426
       8.833        0.000      610.566      723.426
       8.852        0.000      610.566      723.426
       8.872        0.000      610.824      723.426
       8.891        0.000      610.824      723.426
       8.910        0.000      610.824      723.426
       8.929        0.000      610.824      723.426
       8.948        0.000      611.082      723.426
       8.968        0.000      611.082      723.426
       8.987        0.000      611.340      723.426
       9.006        0.000      611.340      723.426
       9.025        0.000      611.598      723.426
       9.045        0.000      611.598      723.426
       9.064        0.000      611.855      723.426
       9.083        0.000      611.855      723.426
       9.103        0.000      612.113      723.426
       9.122        0.000      612.113      723.426
       9.141        0.000      612.371      723.426
       9.160        0.000      612.371      723.426
       9.180        0.000      612.629      723.426
       9.199        0.000      612.629      723.426
       9.218        0.000      612.887      723.426
       9.237        0.000      612.887      723.426
       9.257        0.000      612.887      723.426
       9.276        0.000      613.145      723.426
       9.295        0.000      613.145      723.426
       9.314        0.000      613.145      723.426
       9.334        0.000      613.402      723.426
       9.353        0.000      613.402      723.426
       9.372        0.000      613.402      723.426
       9.391        0.000      613.402      723.426
       9.410        0.000      613.402      723.426
       9.429        0.000      613.660      723.426
       9.449        0.000      613.660      723.426
       9.468        0.000      613.660      723.426
       9.487        0.000      613.660      723.426
       9.506        0.000      613.660      723.426
       9.525        0.000      613.918      723.426
       9.544        0.000      613.918      723.426
       9.564        0.000      613.918      723.426
       9.583        0.000      613.918      723.426
       9.602        0.000      613.918      723.426
       9.621        0.000      614.176      723.426
       9.640        0.000      614.176      723.426
       9.659        0.000      614.176      723.426
       9.678        0.000      614.176      723.426
       9.697        0.000      614.176      723.426
       9.717        0.000      614.434      723.426
       9.736        0.000      614.434      723.426
       9.755        0.000      614.434      723.426
       9.774        0.000      614.434      723.426
       9.793        0.000      614.434      723.426
       9.813        0.000      614.691      723.426
       9.831        0.000      614.691      723.426
       9.851        0.000      614.691      723.426
       9.870        0.000      614.691      723.426
       9.889        0.000      614.691      723.426
       9.908        0.000      614.691      723.426
       9.927        0.000      614.949      723.426
       9.946        0.000      614.949      723.426
       9.966        0.000      614.949      723.426
       9.985        0.000      614.949      723.426
      10.004        0.000      615.207      723.426
      10.023        0.000      615.207      723.426
      10.042        0.000      615.207      723.426
      10.062        0.000      615.465      723.426
      10.081        0.000      615.465      723.426
      10.100        0.000      615.723      723.426
      10.120        0.000      615.723      723.426
      10.139        0.000      615.980      723.426
      10.158        0.000      615.980      723.426
      10.177        0.000      615.980      723.426
      10.197        0.000      616.238      723.426
      10.216        0.000      616.238      723.426
      10.235        0.000      616.238      723.426
      10.254        0.000      616.496      723.426
      10.273        0.000      616.496      723.426
      10.293        0.000      616.496      723.426
      10.312        0.000      616.496      723.426
      10.332        0.000      616.754      723.426
      10.351        0.000      616.754      723.426
      10.370        0.000      616.754      723.426
      10.389        0.000      616.754      723.426
      10.407        0.000      616.754      723.426
      10.426        0.000      616.754      723.426
      10.445        0.000      617.012      723.426
      10.464        0.000      617.012      723.426
      10.483        0.000      617.012      723.426
      10.502        0.000      617.270      723.426
      10.520        0.000      617.270      723.426
      10.539        0.000      617.527      723.426
      10.558        0.000      617.785      723.426
      10.578        0.000      617.785      723.426
      10.597        0.000      618.043      723.426
      10.616        0.000      618.043      723.426
      10.636        0.000      618.301      723.426
      10.655        0.000      618.559      723.426
      10.674        0.000      618.816      723.426
      10.693        0.000      619.074      723.426
      10.713        0.000      619.074      723.426
      10.732        0.000      619.332      723.426
      10.751        0.000      619.332      723.426
      10.770        0.000      619.590      723.426
      10.789        0.000      619.590      723.426
      10.808        0.000      619.590      723.426
      10.828        0.000      619.848      723.426
      10.847        0.000      619.848      723.426
      10.866        0.000      619.848      723.426
      10.885        0.000      619.848      723.426
      10.904        0.000      620.105      723.426
      10.924        0.000      620.105      723.426
      10.943        0.000      620.105      723.426
      10.962        0.000      620.363      723.426
      10.981        0.000      620.363      723.426
      11.000        0.000      620.621      723.426
      11.019        0.000      620.621      723.426
      11.038        0.000      620.621      723.426
      11.057        0.000      620.621      723.426
      11.076        0.000      620.879      723.426
      11.095        0.000      620.879      723.426
      11.115        0.000      620.879      723.426
      11.134        0.000      621.137      723.426
      11.153        0.000      621.137      723.426
      11.172        0.000      621.137      723.426
      11.191        0.000      621.395      723.426
      11.210        0.000      621.395      723.426
      11.230        0.000      621.395      723.426
      11.249        0.000      621.395      723.426
      11.268        0.000      621.652      723.426
      11.287        0.000      621.652      723.426
      11.306        0.000      621.652      723.426
      11.326        0.000      621.652      723.426
      11.345        0.000      621.910      723.426
      11.364        0.000      621.910      723.426
      11.383        0.000      621.910      723.426
      11.402        0.000      622.168      723.426
      11.422        0.000      622.168      723.426
      11.441        0.000      622.168      723.426
      11.460        0.000      622.168      723.426
      11.479        0.000      622.168      723.426
      11.498        0.000      622.426      723.426
      11.517        0.000      622.426      723.426
      11.536        0.000      622.426      723.426
      11.555        0.000      622.426      723.426
      11.575        0.000      622.684      723.426
      11.594        0.000      622.684      723.426
      11.612        0.000      622.684      723.426
      11.631        0.000      622.684      723.426
      11.649        0.000      622.684      723.426
      11.668        0.000      622.684      723.426
      11.686        0.000      622.684      723.426
      11.705        0.000      622.684      723.426
      11.724        0.000      622.941      723.426
      11.743        0.000      622.941      723.426
      11.762        0.000      623.199      723.426
      11.781        0.000      623.199      723.426
      11.801        0.000      623.457      723.426
      11.820        0.000      623.457      723.426
      11.839        0.000      623.715      723.426
      11.858        0.000      623.715      723.426
      11.877        0.000      623.715      723.426
      11.895        0.000      623.715      723.426
      11.915        0.000      623.973      723.426
      11.934        0.000      623.973      723.426
      11.952        0.000      623.973      723.426
      11.971        0.000      623.973      723.426
      11.990        0.000      623.973      723.426
      12.008        0.000      623.973      723.426
      12.027        0.000      623.973      723.426
      12.046        0.000      623.973      723.426
      12.065        0.000      624.230      723.426
      12.085        0.000      624.230      723.426
      12.104        0.000      624.230      723.426
      12.123        0.000      624.230      723.426
      12.142        0.000      624.230      723.426
      12.161        0.000      624.230      723.426
      12.180        0.000      624.488      723.426
      12.199        0.000      624.488      723.426
      12.218        0.000      624.488      723.426
      12.237        0.000      624.488      723.426
      12.256        0.000      624.746      723.426
      12.275        0.000      624.746      723.426
      12.294        0.000      625.004      723.426
      12.314        0.000      625.004      723.426
      12.333        0.000      625.262      723.426
      12.352        0.000      625.262      723.426
      12.372        0.000      625.520      723.426
      12.391        0.000      625.520      723.426
      12.410        0.000      625.777      723.426
      12.429        0.000      625.777      723.426
      12.448        0.000      626.035      723.426
      12.467        0.000      626.035      723.426
      12.487        0.000      626.035      723.426
      12.506        0.000      626.293      723.426
      12.525        0.000      626.293      723.426
      12.544        0.000      626.293      723.426
      12.563        0.000      626.551      723.426
      12.582        0.000      626.551      723.426
      12.603        0.000      626.551      723.426
      12.622        0.000      626.551      723.426
      12.640        0.000      626.809      723.426
      12.659        0.000      626.809      723.426
      12.678        0.000      626.809      723.426
      12.697        0.000      627.066      723.426
      12.716        0.000      627.324      723.426
      12.735        0.000      627.324      723.426
      12.754        0.000      627.582      723.426
      12.773        0.000      627.840      723.426
      12.792        0.000      627.840      723.426
      12.812        0.000      628.098      723.426
      12.831        0.000      628.098      723.426
      12.850        0.000      628.355      723.426
      12.869        0.000      628.613      723.426
      12.889        0.000      628.613      723.426
      12.908        0.000      628.871      723.426
      12.927        0.000      628.871      723.426
      12.946        0.000      629.129      723.426
      12.965        0.000      629.387      723.426
      12.984        0.000      629.387      723.426
      13.003        0.000      629.387      723.426
      13.022        0.000      629.645      723.426
      13.041        0.000      629.645      723.426
      13.061        0.000      629.902      723.426
      13.080        0.000      629.902      723.426
      13.099        0.000      629.902      723.426
      13.118        0.000      630.160      723.426
      13.137        0.000      630.160      723.426
      13.156        0.000      630.160      723.426
      13.175        0.000      630.418      723.426
      13.194        0.000      630.418      723.426
      13.213        0.000      630.676      723.426
      13.233        0.000      630.676      723.426
      13.251        0.000      630.676      723.426
      13.271        0.000      630.934      723.426
      13.290        0.000      630.934      723.426
      13.309        0.000      630.934      723.426
      13.328        0.000      631.191      723.426
      13.347        0.000      631.191      723.426
      13.366        0.000      631.191      723.426
      13.385        0.000      631.191      723.426
      13.404        0.000      631.191      723.426
      13.423        0.000      631.449      723.426
      13.442        0.000      631.449      723.426
      13.462        0.000      631.449      723.426
      13.481        0.000      631.707      723.426
      13.500        0.000      631.707      723.426
      13.519        0.000      631.707      723.426
      13.538        0.000      631.965      723.426
      13.557        0.000      631.965      723.426
      13.576        0.000      631.965      723.426
      13.595        0.000      631.965      723.426
      13.614        0.000      632.223      723.426
      13.633        0.000      632.223      723.426
      13.652        0.000      632.223      723.426
      13.671        0.000      632.223      723.426
      13.690        0.000      632.223      723.426
      13.709        0.000      632.480      723.426
      13.727        0.000      632.480      723.426
      13.747        0.000      632.738      723.426
      13.766        0.000      632.738      723.426
      13.785        0.000      632.738      723.426
      13.804        0.000      632.996      723.426
      13.824        0.000      632.996      723.426
      13.843        0.000      632.996      723.426
      13.862        0.000      633.254      723.426
      13.881        0.000      633.254      723.426
      13.900        0.000      633.254      723.426
      13.920        0.000      633.512      723.426
      13.939        0.000      633.512      723.426
      13.958        0.000      633.770      723.426
      13.977        0.000      633.770      723.426
      13.996        0.000      633.770      723.426
      14.015        0.000      634.027      723.426
      14.034        0.000      634.027      723.426
      14.053        0.000      634.027      723.426
      14.073        0.000      634.285      723.426
      14.092        0.000      634.285      723.426
      14.111        0.000      634.285      723.426
      14.130        0.000      634.285      723.426
      14.149        0.000      634.543      723.426
      14.168        0.000      634.543      723.426
      14.187        0.000      634.543      723.426
      14.206        0.000      634.801      723.426
      14.225        0.000      634.801      723.426
      14.244        0.000      634.801      723.426
      14.263        0.000      635.059      723.426
      14.282        0.000      635.059      723.426
      14.301        0.000      635.316      723.426
      14.321        0.000      635.316      723.426
      14.340        0.000      635.574      723.426
      14.360        0.000      635.574      723.426
      14.379        0.000      635.832      723.426
      14.398        0.000      635.832      723.426
      14.417        0.000      635.832      723.426
      14.437        0.000      636.090      723.426
      14.456        0.000      636.090      723.426
      14.475        0.000      636.348      723.426
      14.494        0.000      636.348      723.426
      14.513        0.000      636.605      723.426
      14.532        0.000      636.605      723.426
      14.552        0.000      636.605      723.426
      14.571        0.000      636.863      723.426
      14.590        0.000      636.863      723.426
      14.609        0.000      636.863      723.426
      14.628        0.000      637.121      723.426
      14.647        0.000      637.121      723.426
      14.666        0.000      637.379      723.426
      14.686        0.000      637.379      723.426
      14.705        0.000      637.379      723.426
      14.724        0.000      637.637      723.426
      14.743        0.000      637.637      723.426
      14.762        0.000      637.637      723.426
      14.782        0.000      637.895      723.426
      14.801        0.000      637.895      723.426
      14.820        0.000      637.895      723.426
      14.840        0.000      638.152      723.426
      14.859        0.000      638.152      723.426
      14.878        0.000      638.152      723.426
      14.897        0.000      638.410      723.426
      14.916        0.000      638.410      723.426
      14.935        0.000      638.410      723.426
      14.954        0.000      638.410      723.426
      14.973        0.000      638.668      723.426
      14.993        0.000      638.668      723.426
      15.012        0.000      638.668      723.426
      15.031        0.000      638.926      723.426
      15.050        0.000      638.926      723.426
      15.069        0.000      638.926      723.426
      15.088        0.000      639.184      723.426
      15.108        0.000      639.184      723.426
      15.127        0.000      639.184      723.426
      15.146        0.000      639.184      723.426
      15.165        0.000      639.441      723.426
      15.184        0.000      639.441      723.426
      15.203        0.000      639.699      723.426
      15.222        0.000      639.699      723.426
      15.242        0.000      639.699      723.426
      15.261        0.000      639.957      723.426
      15.280        0.000      639.957      723.426
      15.299        0.000      639.957      723.426
      15.319        0.000      640.215      723.426
      15.338        0.000      640.215      723.426
      15.357        0.000      640.215      723.426
      15.376        0.000      640.473      723.426
      15.396        0.000      640.473      723.426
      15.415        0.000      640.473      723.426
      15.434        0.000      640.473      723.426
      15.453        0.000      640.730      723.426
      15.472        0.000      640.730      723.426
      15.491        0.000      640.730      723.426
      15.510        0.000      640.730      723.426
      15.530        0.000      640.988      723.426
      15.549        0.000      640.988      723.426
      15.568        0.000      640.988      723.426
      15.587        0.000      640.988      723.426
      15.606        0.000      640.988      723.426
      15.625        0.000      641.246      723.426
      15.644        0.000      641.246      723.426
      15.663        0.000      641.246      723.426
      15.683        0.000      641.246      723.426
      15.702        0.000      641.246      723.426
      15.721        0.000      641.504      723.426
      15.740        0.000      641.504      723.426
      15.759        0.000      641.504      723.426
      15.779        0.000      641.504      723.426
      15.798        0.000      641.504      723.426
      15.817        0.000      641.504      723.426
      15.836        0.000      641.504      723.426
      15.856        0.000      641.504      723.426
      15.875        0.000      641.504      723.426
      15.894        0.000      641.504      723.426
      15.913        0.000      641.504      723.426
      15.932        0.000      641.504      723.426
      15.951        0.000      641.504      723.426
      15.970        0.000      641.504      723.426
      15.989        0.000      641.504      723.426
      16.008        0.000      641.504      723.426
      16.027        0.000      641.504      723.426
      16.047        0.000      641.504      723.426
      16.066        0.000      641.504      723.426
      16.085        0.000      641.504      723.426
      16.104        0.000      641.504      723.426
      16.123        0.000      641.504      723.426
      16.142        0.000      641.504      723.426
      16.161        0.000      641.504      723.426
      16.180        0.000      641.504      723.426
      16.199        0.000      641.504      723.426
      16.219        0.000      641.504      723.426
      16.238        0.000      641.504      723.426
      16.257        0.000      641.504      723.426
      16.276        0.000      641.504      723.426
      16.295        0.000      641.504      723.426
      16.314        0.000      641.504      723.426
      16.333        0.000      641.504      723.426
      16.353        0.000      641.504      723.426
      16.372        0.000      641.504      723.426
      16.391        0.000      641.504      723.426
      16.410        0.000      641.504      723.426
      16.429        0.000      641.504      723.426
      16.448        0.000      641.504      723.426
      16.467        0.000      641.504      723.426
      16.486        0.000      641.504      723.426
      16.505        0.000      641.504      723.426
      16.524        0.000      641.504      723.426
      16.543        0.000      641.504      723.426
      16.562        0.000      641.504      723.426
      16.581        0.000      641.504      723.426
      16.601        0.000      641.504      723.426
      16.620        0.000      641.504      723.426
      16.639        0.000      641.504      723.426
      16.658        0.000      641.504      723.426
      16.677        0.000      641.504      723.426
      16.696        0.000      641.504      723.426
      16.715        0.000      641.504      723.426
      16.734        0.000      641.504      723.426
      16.753        0.000      641.504      723.426
      16.772        0.000      641.504      723.426
      16.792        0.000      641.504      723.426
      16.811        0.000      641.504      723.426
      16.830        0.000      641.504      723.426
      16.849        0.000      641.504      723.426
      16.868        0.000      641.504      723.426
      16.886        0.000      641.504      723.426
      16.906        0.000      641.504      723.426
      16.925        0.000      641.504      723.426
      16.944        0.000      641.504      723.426
      16.963        0.000      641.504      723.426
      16.982        0.000      641.504      723.426
      17.001        0.000      641.504      723.426
      17.020        0.000      641.504      723.426
      17.039        0.000      641.504      723.426
      17.058        0.000      641.504      723.426
      17.077        0.000      641.504      723.426
      17.096        0.000      641.504      723.426
      17.115        0.000      641.504      723.426
      17.134        0.000      641.504      723.426
      17.153        0.000      641.504      723.426
      17.172        0.000      641.504      723.426
      17.191        0.000      641.504      723.426
      17.210        0.000      641.504      723.426
      17.229        0.000      641.504      723.426
      17.248        0.000      641.504      723.426
      17.267        0.000      641.504      723.426
      17.286        0.000      641.504      723.426
      17.305        0.000      641.504      723.426
      17.324        0.000      641.504      723.426
      17.344        0.000      641.504      723.426
      17.364        0.000      663.418      861.262
      17.383        0.000      701.316      861.262
      17.401        0.000      739.473      861.262
      17.420        0.000      777.371      861.262
      17.438        0.000      779.434      861.262
      17.457        0.000      779.434      861.262
      17.477        0.000      779.434     1136.934
      17.497        0.000      816.559     1136.934
      17.516        0.000      854.715     1136.934
      17.534        0.000      892.871     1136.934
      17.553        0.000      931.027     1136.934
      17.571        0.000      969.699     1136.934
      17.590        0.000     1008.113     1136.934
      17.608        0.000     1046.270     1136.934
      17.627        0.000     1055.035     1136.934
      17.646        0.000     1055.035     1136.934
      17.666        0.000     1055.035     1136.934
      17.686        0.000     1083.910     1412.605
      17.705        0.000     1122.066     1412.605
      17.723        0.000     1159.965     1412.605
      17.741        0.000     1198.379     1412.605
      17.760        0.000     1236.277     1412.605
      17.779        0.000     1274.176     1412.605
      17.797        0.000     1313.105     1412.605
      17.816        0.000     1349.715     1550.441
      17.835        0.000     1386.582     1550.441
      17.853        0.000     1423.707     1550.441
      17.872        0.000     1461.605     1550.441
      17.890        0.000     1472.691     1554.453
      17.909        0.000     1472.691     1554.453
      17.929        0.000     1397.023     1554.453
      17.948        0.000     1059.281     1140.945
      17.968        0.000     1102.074     1278.781
      17.994        0.000     1138.941     1278.781
      18.013        0.000     1176.066     1278.781
      18.031        0.000     1213.707     1554.453
      18.050        0.000     1250.574     1554.453
      18.068        0.000     1288.730     1554.453
      18.087        0.000     1327.145     1554.453
      18.105        0.000     1365.559     1554.453
      18.124        0.000     1403.973     1554.453
      18.142        0.000     1442.387     1554.453
      18.161        0.000     1397.023     1554.453
      18.180        0.000     1059.281     1140.945
      18.199        0.000     1059.281     1140.945
      18.217        0.000     1059.281     1140.945
      18.236        0.000     1059.281     1140.945
      18.254        0.000     1059.281     1140.945
      18.272        0.000     1059.281     1140.945
      18.291        0.000     1059.281     1140.945
      18.309        0.000     1059.281     1140.945
      18.327        0.000     1059.281     1140.945
      18.346        0.000     1059.281     1140.945
      18.364        0.000     1059.281     1140.945
      18.382        0.000     1059.281     1140.945
      18.401        0.000     1063.145     1156.992
      18.420        0.000     1063.145     1156.992
      18.439        0.000     1063.145     1156.992
      18.458        0.000     1063.145     1156.992
      18.477        0.000     1063.145     1156.992
      18.496        0.000     1063.145     1156.992
      18.516        0.000      893.156     1019.156
      18.535        0.000      649.789      743.484
      18.555        0.000      649.789      743.484
      18.576        0.000      649.789      743.484
      18.594        0.000      649.832      745.527
      18.614        0.000      649.832      745.527
      18.633        0.000        0.773        4.402
      18.653        0.000        0.773        4.402
