# Elapsed time   CPU (%)     Real (MB)   Virtual (MB)
       0.000        0.000       13.500       61.824
       0.019        0.000       20.219       72.484
       0.038        0.000       28.453      100.215
       0.057        0.000       33.398      107.105
       0.078        0.000       34.047      109.668
       0.097        0.000       35.492      110.824
       0.117        0.000       36.820      114.293
       0.143        0.000       37.336      114.949
       0.165        0.000       37.902      116.031
       0.187        0.000       40.223      117.824
       0.210        0.000       44.496      124.340
       0.233        0.000       47.273      126.984
       0.256        0.000       45.887      125.680
       0.278        0.000       45.887      125.680
       0.301        0.000       50.781      130.727
       0.325        0.000       52.328      132.016
       0.348        0.000       53.102      133.113
       0.370        0.000       53.102      133.113
       0.393        0.000       53.617      133.449
       0.416        0.000       60.062      139.902
       0.439        0.000       63.156      143.102
       0.461        0.000       63.414      143.371
       0.483        0.000       63.414      143.371
       0.505        0.000       63.672      143.566
       0.527        0.000       63.672      143.566
       0.550        0.000       64.445      144.211
       0.573        0.000       71.148      151.027
       0.596        0.000       71.922      151.867
       0.619        0.000       72.438      152.254
       0.641        0.000       72.438      152.383
       0.664        0.000       72.438      152.383
       0.686        0.000       72.438      152.383
       0.710        0.000       79.656      159.473
       0.733        0.000       82.750      162.695
       0.756        0.000       82.750      162.695
       0.779        0.000       83.781      163.723
       0.802        0.000       83.781      163.723
       0.824        0.000       83.781      163.723
       0.847        0.000       84.039      163.898
       0.865        0.000       85.586      165.438
       0.884        0.000       86.102      166.113
       0.902        0.000       86.102      166.113
       0.921        0.000       86.102      166.113
       0.940        0.000       86.102      166.113
       0.960        0.000       86.102      166.113
       0.980        0.000       86.355      168.453
       0.999        0.000       86.355      168.453
       1.019        0.000       87.215      169.492
       1.038        0.000       94.434      176.457
       1.058        0.000       99.586      181.645
       1.081        0.000       99.586      181.645
       1.102        0.000       99.586      184.777
       1.120        0.000       99.844      184.777
       1.139        0.000      100.102      184.777
       1.157        0.000      100.359      184.777
       1.176        0.000      100.617      184.777
       1.194        0.000      100.875      184.777
       1.212        0.000      101.133      184.777
       1.231        0.000      101.391      184.777
       1.249        0.000      101.648      184.777
       1.267        0.000      101.906      184.777
       1.286        0.000      102.164      184.777
       1.305        0.000      102.422      184.777
       1.323        0.000      105.000      187.121
       1.342        0.000      105.000      187.121
       1.361        0.000      105.000      187.121
       1.381        0.000      105.000      187.121
       1.402        0.000      112.641      196.207
       1.421        0.000      114.188      196.520
       1.440        0.000      114.504      196.520
       1.459        0.000      114.762      196.676
       1.478        0.000      142.605      225.066
       1.496        0.000      142.605      225.066
       1.515        0.000      142.605      225.066
       1.534        0.000      142.605      225.066
       1.552        0.000      142.605      225.066
       1.571        0.000      142.863      225.066
       1.590        0.000      142.863      225.066
       1.609        0.000      143.121      225.066
       1.628        0.000      143.121      225.066
       1.647        0.000      143.121      225.066
       1.666        0.000      143.121      225.066
       1.686        0.000      143.121      225.066
       1.704        0.000      143.121      225.066
       1.723        0.000      143.121      225.066
       1.742        0.000      143.121      225.066
       1.761        0.000      143.121      225.066
       1.779        0.000      143.121      225.066
       1.798        0.000      143.121      225.066
       1.817        0.000      143.121      225.066
       1.835        0.000      143.121      225.066
       1.854        0.000      143.121      225.066
       1.872        0.000      143.121      225.066
       1.891        0.000      143.121      225.066
       1.910        0.000      143.121      225.066
       1.928        0.000      143.121      225.066
       1.946        0.000      143.121      225.066
       1.966        0.000      143.121      225.066
       1.984        0.000      143.121      225.066
       2.003        0.000      143.121      225.066
       2.021        0.000      143.121      225.066
       2.040        0.000      143.121      225.066
       2.058        0.000      143.121      225.066
       2.077        0.000      143.121      225.066
       2.095        0.000      143.121      225.066
       2.114        0.000      143.121      225.066
       2.133        0.000      143.121      225.066
       2.151        0.000      143.121      225.066
       2.170        0.000      143.121      225.066
       2.188        0.000      143.121      225.066
       2.207        0.000      143.121      225.066
       2.225        0.000      143.121      225.066
       2.244        0.000      143.121      225.066
       2.262        0.000      143.121      225.066
       2.281        0.000      143.121      225.066
       2.299        0.000      143.121      225.066
       2.318        0.000      143.121      225.066
       2.336        0.000      143.121      225.066
       2.355        0.000      143.121      225.066
       2.373        0.000      143.121      225.066
       2.392        0.000      143.121      225.066
       2.412        0.000      143.121      225.066
       2.433        0.000      143.121      225.066
       2.454        0.000      143.121      225.066
       2.475        0.000      149.824      234.062
       2.496        0.000      152.145      234.062
       2.516        0.000      152.145      234.062
       2.538        0.000      152.145      234.062
       2.558        0.000      170.191      252.051
       2.577        0.000      170.191      252.051
       2.598        0.000      170.191      252.051
       2.618        0.000      189.270      279.035
       2.639        0.000      197.777      279.660
       2.658        0.000      197.777      279.660
       2.680        0.000      170.914      252.676
       2.700        0.000      197.207      279.656
       2.719        0.000      171.422      255.172
       2.737        0.000      171.422      255.172
       2.758        0.000      171.422      255.172
       2.777        0.000      177.836      260.965
       2.795        0.000        0.719        4.402
