# Elapsed time   CPU (%)     Real (MB)   Virtual (MB)
       0.001        0.000       12.852      157.441
       0.024        0.000       15.840      192.273
       0.053        0.000       20.344      196.934
       0.080        0.000       23.910      199.586
       0.108        0.000       29.301      209.309
       0.131        0.000       32.387      256.199
       0.154        0.000       37.406      384.383
       0.177        0.000       41.934      390.625
       0.204        0.000       43.039      391.660
       0.228        0.000       44.098      402.023
       0.251        0.000       47.000      407.684
       0.274        0.000       51.961      427.301
       0.297        0.000       55.828      427.301
       0.319        0.000       59.953      427.301
       0.341        0.000       63.562      427.301
       0.363        0.000       67.430      430.031
       0.385        0.000       74.164      438.035
       0.406        0.000       90.418      481.988
       0.428        0.000      100.363      481.699
       0.450        0.000      112.289      487.695
       0.472        0.000      118.082      486.230
       0.494        0.000      151.359      532.734
       0.516        0.000      193.383      569.492
       0.538        0.000      205.242      569.492
       0.559        0.000      204.832      601.371
       0.582        0.000      230.871      621.121
       0.604        0.000      256.652      640.371
       0.625        0.000      282.434      659.871
       0.647        0.000      308.473      679.371
       0.669        0.000      334.254      698.871
       0.691        0.000      360.035      756.129
       0.714        0.000      385.559      776.629
       0.736        0.000      410.824      797.129
       0.758        0.000      435.832      817.129
       0.779        0.000      461.098      837.379
       0.801        0.000      486.363      857.629
       0.823        0.000      511.887      878.129
       0.845        0.000      537.152      935.137
       0.867        0.000      562.418      955.387
       0.889        0.000      588.199      976.137
       0.912        0.000      613.207      996.137
       0.934        0.000      638.730     1016.637
       0.955        0.000      664.254     1037.137
       0.978        0.000      689.777     1057.637
       1.000        0.000      711.746     1108.895
       1.022        0.000      724.379     1108.895
       1.044        0.000      737.270     1108.895
       1.066        0.000      749.902     1145.652
       1.088        0.000      762.535     1145.652
       1.110        0.000      775.426     1145.652
       1.132        0.000      788.316     1182.410
       1.155        0.000      801.723     1182.410
       1.177        0.000      815.387     1182.410
       1.198        0.000      826.473     1329.441
       1.222        0.000      876.746     1329.441
       1.244        0.000      894.535     1329.441
       1.266        0.000      894.535     1329.441
       1.287        0.000      894.535     1329.441
       1.309        0.000      894.535     1329.441
       1.329        0.000      894.535     1329.441
       1.350        0.000      894.535     1329.441
       1.371        0.000      894.535     1329.441
       1.392        0.000      894.535     1329.441
       1.414        0.000      924.957     1329.441
       1.436        0.000      968.012     1329.441
       1.459        0.000      737.824     1098.902
       1.481        0.000      668.074     1029.152
       1.503        0.000      571.566      932.645
       1.525        0.000      504.066      865.395
       1.548        0.000      406.059      767.137
       1.570        0.000      351.559      712.637
       1.592        0.000      263.801      661.637
       1.614        0.000      137.828      497.777
       1.636        0.000      137.828      497.777
       1.657        0.000      137.828      497.777
       1.678        0.000      139.230      503.309
       1.700        0.000      165.012      545.527
       1.723        0.000      207.609      616.461
       1.745        0.000      232.930      674.324
       1.768        0.000      270.312      674.324
       1.790        0.000      282.430      674.324
       1.811        0.000      282.430      674.324
       1.833        0.000      282.430      674.324
       1.854        0.000      282.430      674.324
       1.876        0.000      282.430      674.324
       1.897        0.000      282.430      674.324
       1.918        0.000      282.430      674.324
       1.939        0.000      283.461      674.324
       1.961        0.000      285.266      674.324
       1.983        0.000      286.555      674.324
       2.004        0.000      287.586      674.324
       2.026        0.000      288.617      674.324
       2.048        0.000      290.164      674.324
       2.070        0.000      291.453      674.324
       2.091        0.000      292.742      674.324
       2.113        0.000      293.773      674.324
       2.136        0.000      294.805      674.324
       2.158        0.000      296.352      674.324
       2.180        0.000      297.898      674.324
       2.202        0.000      299.188      674.324
       2.224        0.000      300.477      674.324
       2.246        0.000      301.508      674.324
       2.268        0.000      302.281      674.324
       2.290        0.000      303.312      674.324
       2.313        0.000      303.570      674.324
       2.336        0.000      303.570      674.324
       2.358        0.000      303.570      674.324
       2.380        0.000      303.570      674.324
       2.402        0.000      303.570      674.324
       2.420        0.000      303.570      674.324
       2.443        0.000      303.570      674.324
       2.465        0.000      303.570      674.324
       2.486        0.000      303.570      674.324
       2.505        0.000      303.570      674.324
       2.524        0.000      303.570      674.324
       2.542        0.000      303.570      674.324
       2.561        0.000      303.570      674.324
       2.580        0.000      303.570      674.324
       2.599        0.000      303.570      674.324
       2.618        0.000      303.570      674.324
       2.637        0.000      303.570      674.324
       2.657        0.000      303.570      674.324
       2.678        0.000      251.344      643.023
       2.697        0.000      254.434      643.023
       2.717        0.000      268.355      643.023
       2.736        0.000      284.598      669.590
       2.756        0.000      304.449      669.590
       2.774        0.000      304.449      669.590
       2.793        0.000      304.449      669.590
       2.813        0.000      304.449      669.590
       2.831        0.000      262.254      627.371
       2.851        0.000      262.254      627.371
       2.872        0.000      262.254      643.023
       2.891        0.000      262.508      643.023
       2.911        0.000      276.172      643.023
       2.931        0.000      294.992      669.586
       2.950        0.000      304.273      669.586
       2.971        0.000      316.648      702.008
       2.990        0.000      330.312      702.008
       3.008        0.000      336.758      702.008
       3.028        0.000      336.758      702.008
       3.046        0.000      338.820      702.008
       3.066        0.000      342.172      702.008
       3.086        0.000      358.930      744.223
       3.105        0.000      388.336     2532.039
       3.131        0.000      391.719     2532.039
       3.152        0.000      395.586     2532.039
       3.176        0.000      399.453     2532.039
       3.198        0.000      403.086     2532.039
       3.219        0.000      408.727     2532.039
       3.240        0.000      412.391     2532.039
       3.263        0.000      415.227     2532.039
       3.284        0.000      418.578     2532.039
       3.305        0.000      424.508     2532.039
       3.328        0.000      425.281     2532.039
       3.352        0.000      428.633     2532.039
       3.373        0.000      431.727     2532.039
       3.394        0.000      435.078     2532.039
       3.415        0.000      443.973     2532.039
       3.436        0.000      443.973     2532.039
       3.461        0.000      445.895     2532.039
       3.483        0.000      454.367     2532.039
       3.504        0.000      454.367     2532.039
       3.529        0.000      454.625     2532.039
       3.555        0.000      458.234     2532.039
       3.576        0.000      461.328     2532.039
       3.597        0.000      465.453     2532.039
       3.618        0.000      467.000     2532.039
       3.639        0.000      470.867     2532.039
       3.662        0.000      473.703     2532.039
       3.683        0.000      477.312     2532.039
       3.703        0.000      480.922     2532.039
       3.731        0.000      485.047     2532.039
       3.752        0.000      498.391     2532.039
       3.777        0.000      498.391     2532.039
       3.798        0.000      498.391     2532.039
       3.819        0.000      499.145     2532.039
       3.846        0.000      502.496     2532.039
       3.867        0.000      505.074     2532.039
       3.888        0.000      509.457     2532.039
       3.911        0.000      513.582     2532.039
       3.932        0.000      516.676     2532.039
       3.955        0.000      517.191     2532.039
       3.976        0.000      521.316     2532.039
       3.999        0.000      523.895     2532.039
       4.020        0.000      527.246     2532.039
       4.042        0.000      530.340     2532.039
       4.063        0.000      534.723     2532.039
       4.087        0.000      537.043     2532.039
       4.108        0.000      540.137     2532.039
       4.129        0.000      544.520     2532.039
       4.150        0.000      547.871     2532.039
       4.175        0.000      552.254     2532.039
       4.198        0.000      555.863     2532.039
       4.221        0.000      559.473     2532.039
       4.244        0.000      565.145     2532.039
       4.268        0.000      565.145     2532.039
       4.290        0.000      567.980     2532.039
       4.313        0.000      571.590     2532.039
       4.336        0.000      576.230     2532.039
       4.359        0.000      578.293     2532.039
       4.382        0.000      585.770     2532.039
       4.405        0.000      585.770     2532.039
       4.428        0.000      585.770     2532.039
       4.452        0.000      587.316     2532.039
       4.474        0.000      590.668     2532.039
       4.496        0.000      593.504     2532.039
       4.519        0.000      597.371     2532.039
       4.542        0.000      601.238     2532.039
       4.565        0.000      604.074     2532.039
       4.588        0.000      608.199     2532.039
       4.611        0.000      612.324     2532.039
       4.634        0.000      622.895     2532.039
       4.657        0.000      622.895     2532.039
       4.681        0.000      622.895     2532.039
       4.712        0.000      622.895     2532.039
       4.735        0.000      627.793     2532.039
       4.765        0.000      636.562     2532.039
       4.792        0.000      636.562     2532.039
       4.815        0.000      636.562     2532.039
       4.837        0.000      636.562     2532.039
       4.860        0.000      636.809     2532.039
       4.892        0.000      650.984     2532.039
       4.916        0.000      651.738     2532.039
       4.942        0.000      651.738     2532.039
       4.963        0.000      651.738     2532.039
       4.986        0.000      651.738     2532.039
       5.008        0.000      651.738     2532.039
       5.031        0.000      651.738     2532.039
       5.061        0.000      655.863     2532.039
       5.082        0.000      658.184     2532.039
       5.109        0.000      662.566     2532.039
       5.132        0.000      665.918     2532.039
       5.155        0.000      670.816     2532.039
       5.178        0.000      675.973     2532.039
       5.203        0.000      675.973     2532.039
       5.229        0.000      679.324     2532.039
       5.251        0.000      683.707     2532.039
       5.273        0.000      686.285     2532.039
       5.295        0.000      689.895     2532.039
       5.318        0.000      693.504     2532.039
       5.341        0.000      696.855     2532.039
       5.366        0.000      699.949     2532.039
       5.393        0.000      705.105     2532.039
       5.417        0.000      706.652     2532.039
       5.443        0.000      716.449     2532.039
       5.468        0.000      716.449     2532.039
       5.490        0.000      716.449     2532.039
       5.514        0.000      716.449     2532.039
       5.536        0.000      716.449     2532.039
       5.565        0.000      720.059     2532.039
       5.587        0.000      723.668     2532.039
       5.609        0.000      727.277     2532.039
       5.632        0.000      730.887     2532.039
       5.655        0.000      734.754     2532.039
       5.677        0.000      737.590     2532.039
       5.700        0.000      738.879     2532.039
       5.723        0.000      742.746     2532.039
       5.747        0.000      746.613     2532.039
       5.774        0.000      750.223     2532.039
       5.796        0.000      753.316     2532.039
       5.819        0.000      756.668     2532.039
       5.842        0.000      760.277     2532.039
       5.864        0.000      763.371     2532.039
       5.887        0.000      766.980     2532.039
       5.910        0.000      770.074     2532.039
       5.933        0.000      776.004     2532.039
       5.957        0.000      779.098     2532.039
       5.980        0.000      779.613     2532.039
       6.002        0.000      785.543     2532.039
       6.028        0.000      785.543     2532.039
       6.052        0.000      792.504     2532.039
       6.079        0.000      796.629     2532.039
       6.105        0.000      796.629     2532.039
       6.126        0.000      796.629     2532.039
       6.147        0.000      796.629     2532.039
       6.169        0.000      796.629     2532.039
       6.197        0.000      799.980     2532.039
       6.218        0.000      803.848     2532.039
       6.239        0.000      805.652     2532.039
       6.261        0.000      809.520     2532.039
       6.282        0.000      812.098     2532.039
       6.306        0.000      815.449     2532.039
       6.328        0.000      819.059     2532.039
       6.348        0.000      821.895     2532.039
       6.369        0.000      822.152     2532.039
       6.390        0.000      826.020     2532.039
       6.413        0.000      831.176     2532.039
       6.436        0.000      834.012     2532.039
       6.456        0.000      837.105     2532.039
       6.477        0.000      842.262     2532.039
       6.499        0.000      846.387     2532.039
       6.525        0.000      853.605     2532.039
       6.552        0.000      853.863     2532.039
       6.577        0.000      865.207     2532.039
       6.604        0.000      865.207     2532.039
       6.626        0.000      865.207     2532.039
       6.648        0.000      865.465     2532.039
       6.683        0.000      869.848     2532.039
       6.705        0.000      872.684     2532.039
       6.727        0.000      876.035     2532.039
       6.750        0.000      879.645     2532.039
       6.773        0.000      883.770     2532.039
       6.796        0.000      886.863     2532.039
       6.819        0.000      890.473     2532.039
       6.842        0.000      893.051     2532.039
       6.863        0.000      897.691     2532.039
       6.886        0.000      897.691     2532.039
       6.910        0.000      900.527     2532.039
       6.931        0.000      903.621     2532.039
       6.952        0.000      907.746     2532.039
       6.975        0.000      909.293     2532.039
       6.996        0.000      912.645     2532.039
       7.018        0.000      915.996     2532.039
       7.039        0.000      918.832     2532.039
       7.060        0.000      921.668     2532.039
       7.081        0.000      925.020     2532.039
       7.102        0.000      925.020     2532.039
       7.123        0.000      928.371     2532.039
       7.144        0.000      933.270     2532.039
       7.170        0.000      936.879     2532.039
       7.191        0.000      938.426     2532.039
       7.211        0.000      941.520     2532.039
       7.232        0.000      945.129     2532.039
       7.256        0.000      947.707     2532.039
       7.277        0.000      951.059     2532.039
       7.298        0.000      953.895     2532.039
       7.319        0.000      957.762     2532.039
       7.341        0.000      959.566     2532.039
       7.362        0.000      962.918     2532.039
       7.386        0.000      965.496     2532.039
       7.407        0.000      966.527     2532.039
       7.428        0.000      969.879     2532.039
       7.450        0.000      970.137     2532.039
       7.470        0.000      973.746     2532.039
       7.491        0.000      976.582     2532.039
       7.512        0.000      979.934     2532.039
       7.537        0.000      984.832     2532.039
       7.558        0.000      988.699     2532.039
       7.579        0.000      988.957     2532.039
       7.602        0.000      989.730     2532.039
       7.625        0.000      992.824     2532.039
       7.646        0.000      995.918     2532.039
       7.668        0.000     1002.879     2532.039
       7.693        0.000     1002.879     2532.039
       7.714        0.000     1002.879     2532.039
       7.735        0.000     1010.098     2532.039
       7.761        0.000     1010.098     2532.039
       7.782        0.000     1010.098     2532.039
       7.806        0.000     1017.059     2532.039
       7.827        0.000     1017.059     2532.039
       7.848        0.000     1017.059     2532.039
       7.869        0.000     1017.059     2532.039
       7.896        0.000     1020.410     2532.039
       7.917        0.000     1024.535     2532.039
       7.939        0.000     1026.082     2532.039
       7.960        0.000     1030.465     2532.039
       7.984        0.000     1033.301     2532.039
       8.005        0.000     1036.652     2532.039
       8.026        0.000     1040.004     2532.039
       8.047        0.000     1043.098     2532.039
       8.068        0.000     1045.676     2532.039
       8.091        0.000     1049.027     2532.039
       8.115        0.000     1053.410     2532.039
       8.136        0.000     1056.762     2532.039
       8.158        0.000     1056.762     2532.039
       8.179        0.000     1063.980     2532.039
       8.199        0.000     1063.980     2532.039
       8.220        0.000     1063.980     2532.039
       8.244        0.000     1079.703     2532.039
       8.278        0.000     1079.703     2532.039
       8.299        0.000     1079.703     2532.039
       8.320        0.000     1079.703     2532.039
       8.342        0.000     1079.703     2532.039
       8.363        0.000     1079.703     2532.039
       8.385        0.000     1079.703     2532.039
       8.406        0.000     1079.703     2532.039
       8.427        0.000     1079.703     2532.039
       8.447        0.000     1080.375     2532.039
       8.482        0.000     1088.359     2532.039
       8.503        0.000     1101.941     2532.039
       8.524        0.000     1104.160     2532.039
       8.552        0.000     1104.160     2532.039
       8.573        0.000     1104.160     2532.039
       8.594        0.000     1104.160     2532.039
       8.618        0.000     1104.160     2532.039
       8.639        0.000     1104.371     2532.039
       8.659        0.000     1104.371     2532.039
       8.681        0.000     1104.371     2532.039
       8.705        0.000     1104.371     2532.039
       8.726        0.000     1105.559     2532.039
       8.763        0.000     1105.559     2532.039
       8.784        0.000     1133.145     2532.039
       8.813        0.000     1133.145     2532.039
       8.834        0.000     1135.848     2532.039
       8.856        0.000     1135.848     2532.039
       8.893        0.000     1135.848     2532.039
       8.915        0.000     1135.848     2532.039
       8.936        0.000     1135.848     2532.039
       8.957        0.000     1135.848     2532.039
       8.978        0.000     1136.320     2532.039
       9.011        0.000     1136.320     2532.039
       9.041        0.000     1136.320     2532.039
       9.063        0.000     1136.320     2532.039
       9.084        0.000     1136.320     2532.039
       9.105        0.000     1137.461     2532.039
       9.142        0.000     1137.695     2532.039
       9.174        0.000     1143.367     2532.039
       9.195        0.000     1162.703     2532.039
       9.216        0.000     1162.703     2532.039
       9.240        0.000     1162.703     2532.039
       9.275        0.000     1162.703     2532.039
       9.297        0.000     1162.703     2532.039
       9.327        0.000     1162.703     2532.039
       9.348        0.000     1162.703     2532.039
       9.371        0.000     1162.703     2532.039
       9.392        0.000     1162.703     2532.039
       9.418        0.000     1162.703     2532.039
       9.439        0.000     1162.703     2532.039
       9.460        0.000     1162.703     2532.039
       9.493        0.000     1162.703     2532.039
       9.514        0.000     1162.703     2532.039
       9.535        0.000     1162.703     2532.039
       9.556        0.000     1162.703     2532.039
       9.586        0.000     1163.723     2532.039
       9.626        0.000     1185.121     2532.039
       9.646        0.000     1189.480     2532.039
       9.667        0.000     1189.480     2532.039
       9.688        0.000     1189.480     2532.039
       9.715        0.000     1189.480     2532.039
       9.749        0.000     1189.480     2532.039
       9.775        0.000     1189.480     2532.039
       9.796        0.000     1189.480     2532.039
       9.818        0.000     1189.480     2532.039
       9.839        0.000     1189.480     2532.039
       9.860        0.000     1189.480     2532.039
       9.881        0.000     1189.480     2532.039
       9.902        0.000     1189.480     2532.039
       9.928        0.000     1189.480     2532.039
       9.950        0.000     1189.480     2532.039
       9.971        0.000     1189.480     2532.039
       9.992        0.000     1189.480     2532.039
      10.013        0.000     1189.480     2532.039
      10.046        0.000     1189.480     2532.039
      10.070        0.000     1194.887     2532.039
      10.096        0.000     1223.246     2532.039
      10.119        0.000     1226.035     2532.039
      10.150        0.000     1226.035     2532.039
      10.172        0.000     1226.035     2532.039
      10.198        0.000     1226.035     2532.039
      10.220        0.000     1226.035     2532.039
      10.241        0.000     1226.035     2532.039
      10.262        0.000     1226.035     2532.039
      10.283        0.000     1226.035     2532.039
      10.304        0.000     1226.035     2532.039
      10.330        0.000     1226.035     2532.039
      10.352        0.000     1226.035     2532.039
      10.373        0.000     1226.293     2532.039
      10.395        0.000     1226.293     2532.039
      10.430        0.000     1226.293     2532.039
      10.451        0.000     1226.293     2532.039
      10.472        0.000     1226.293     2532.039
      10.497        0.000     1226.293     2532.039
      10.519        0.000     1226.293     2532.039
      10.540        0.000     1226.293     2532.039
      10.561        0.000     1226.293     2532.039
      10.582        0.000     1226.504     2532.039
      10.619        0.000     1226.504     2532.039
      10.651        0.000     1226.504     2532.039
      10.676        0.000     1255.121     2532.039
      10.709        0.000     1257.699     2532.039
      10.731        0.000     1257.699     2532.039
      10.754        0.000     1257.938     2532.039
      10.787        0.000     1257.938     2532.039
      10.823        0.000     1257.938     2532.039
      10.849        0.000     1257.938     2532.039
      10.875        0.000     1257.938     2532.039
      10.898        0.000     1257.938     2532.039
      10.922        0.000     1257.938     2532.039
      10.946        0.000     1257.938     2532.039
      10.972        0.000     1257.938     2532.039
      10.994        0.000     1257.938     2532.039
      11.015        0.000     1257.938     2532.039
      11.049        0.000     1257.938     2532.039
      11.072        0.000     1257.938     2532.039
      11.097        0.000     1257.938     2532.039
      11.130        0.000     1257.938     2532.039
      11.172        0.000     1257.938     2532.039
      11.198        0.000     1260.762     2532.039
      11.221        0.000     1266.176     2532.039
      11.244        0.000     1270.559     2532.039
      11.268        0.000     1275.715     2532.039
      11.292        0.000     1281.129     2532.039
      11.315        0.000     1281.129     2532.039
      11.337        0.000     1281.902     2532.039
      11.360        0.000     1286.543     2532.039
      11.384        0.000     1289.379     2532.039
      11.407        0.000     1292.473     2532.039
      11.429        0.000     1297.113     2532.039
      11.452        0.000     1300.465     2532.039
      11.475        0.000     1302.012     2532.039
      11.498        0.000     1305.879     2532.039
      11.521        0.000     1310.262     2532.039
      11.544        0.000     1312.582     2532.039
      11.567        0.000     1316.191     2532.039
      11.590        0.000     1320.316     2532.039
      11.613        0.000     1325.988     2532.039
      11.636        0.000     1329.598     2532.039
      11.658        0.000     1332.176     2532.039
      11.680        0.000     1335.527     2532.039
      11.703        0.000     1337.590     2532.039
      11.725        0.000     1340.941     2532.039
      11.748        0.000     1344.809     2532.039
      11.774        0.000     1348.676     2532.039
      11.796        0.000     1351.512     2532.039
      11.820        0.000     1356.668     2532.039
      11.844        0.000     1356.668     2532.039
      11.866        0.000     1356.668     2532.039
      11.893        0.000     1361.309     2532.039
      11.915        0.000     1361.309     2532.039
      11.942        0.000     1370.332     2532.039
      11.965        0.000     1370.332     2532.039
      11.988        0.000     1370.332     2532.039
      12.011        0.000     1381.160     2532.039
      12.042        0.000     1383.996     2532.039
      12.069        0.000     1383.996     2532.039
      12.091        0.000     1383.996     2532.039
      12.115        0.000     1383.996     2532.039
      12.137        0.000     1383.996     2532.039
      12.164        0.000     1383.996     2532.039
      12.188        0.000     1383.996     2532.039
      12.220        0.000     1387.863     2532.039
      12.243        0.000     1391.988     2532.039
      12.265        0.000     1396.113     2532.039
      12.293        0.000     1400.238     2532.039
      12.315        0.000     1407.973     2532.039
      12.339        0.000     1407.973     2532.039
      12.363        0.000     1412.613     2532.039
      12.386        0.000     1412.613     2532.039
      12.409        0.000     1416.223     2532.039
      12.432        0.000     1419.574     2532.039
      12.455        0.000     1423.957     2532.039
      12.478        0.000     1427.824     2532.039
      12.501        0.000     1433.238     2532.039
      12.525        0.000     1438.652     2532.039
      12.548        0.000     1438.652     2532.039
      12.574        0.000     1443.551     2532.039
      12.596        0.000     1443.551     2532.039
      12.621        0.000     1454.895     2532.039
      12.646        0.000     1454.895     2532.039
      12.667        0.000     1454.895     2532.039
      12.688        0.000     1454.895     2532.039
      12.712        0.000     1454.895     2532.039
      12.735        0.000     1456.441     2532.039
      12.756        0.000     1460.566     2532.039
      12.778        0.000     1462.629     2532.039
      12.799        0.000     1467.785     2532.039
      12.822        0.000     1470.621     2532.039
      12.843        0.000     1471.652     2532.039
      12.865        0.000     1476.035     2532.039
      12.889        0.000     1479.129     2532.039
      12.910        0.000     1482.223     2532.039
      12.931        0.000     1485.316     2532.039
      12.952        0.000     1487.637     2532.039
      12.973        0.000     1490.215     2532.039
      12.994        0.000     1493.824     2532.039
      13.015        0.000     1493.824     2532.039
      13.036        0.000     1498.980     2532.039
      13.064        0.000     1500.785     2532.039
      13.085        0.000     1504.395     2532.039
      13.106        0.000     1506.973     2532.039
      13.127        0.000     1509.293     2532.039
      13.148        0.000     1511.871     2532.039
      13.168        0.000     1516.770     2532.039
      13.196        0.000     1520.121     2532.039
      13.219        0.000     1527.340     2532.039
      13.243        0.000     1534.301     2532.039
      13.267        0.000     1534.301     2532.039
      13.289        0.000     1534.301     2532.039
      13.311        0.000     1535.590     2532.039
      13.336        0.000     1549.770     2532.039
      13.363        0.000     1549.770     2532.039
      13.384        0.000     1549.770     2532.039
      13.406        0.000     1549.770     2532.039
      13.428        0.000     1549.770     2532.039
      13.451        0.000     1549.770     2532.039
      13.472        0.000     1549.770     2532.039
      13.509        0.000     1553.121     2532.039
      13.530        0.000     1556.473     2532.039
      13.551        0.000     1560.082     2532.039
      13.572        0.000     1561.629     2532.039
      13.593        0.000     1564.723     2532.039
      13.614        0.000     1568.074     2532.039
      13.635        0.000     1575.809     2532.039
      13.656        0.000     1575.809     2532.039
      13.682        0.000     1575.809     2532.039
      13.703        0.000     1579.676     2532.039
      13.724        0.000     1582.512     2532.039
      13.745        0.000     1588.957     2532.039
      13.768        0.000     1588.957     2532.039
      13.789        0.000     1592.566     2532.039
      13.810        0.000     1595.660     2532.039
      13.832        0.000     1599.270     2532.039
      13.856        0.000     1603.137     2532.039
      13.879        0.000     1606.230     2532.039
      13.900        0.000     1609.582     2532.039
      13.921        0.000     1612.160     2532.039
      13.942        0.000     1617.059     2532.039
      13.965        0.000     1618.863     2532.039
      13.988        0.000     1621.441     2532.039
      14.009        0.000     1626.598     2532.039
      14.030        0.000     1626.598     2532.039
      14.054        0.000     1633.301     2532.039
      14.075        0.000     1633.301     2532.039
      14.098        0.000     1633.301     2532.039
      14.123        0.000     1633.301     2532.039
      14.144        0.000     1636.652     2532.039
      14.165        0.000     1641.809     2532.039
      14.189        0.000     1647.223     2532.039
      14.211        0.000     1650.832     2532.039
      14.236        0.000     1654.957     2532.039
      14.258        0.000     1658.309     2532.039
      14.281        0.000     1661.918     2532.039
      14.304        0.000     1665.527     2532.039
      14.326        0.000     1668.105     2532.039
      14.349        0.000     1671.715     2532.039
      14.372        0.000     1675.840     2532.039
      14.395        0.000     1677.645     2532.039
      14.418        0.000     1680.996     2532.039
      14.441        0.000     1686.152     2532.039
      14.464        0.000     1689.762     2532.039
      14.488        0.000     1690.277     2532.039
      14.514        0.000     1694.402     2532.039
      14.537        0.000     1694.402     2532.039
      14.559        0.000     1697.754     2532.039
      14.581        0.000     1701.363     2532.039
      14.604        0.000     1704.457     2532.039
      14.627        0.000     1710.645     2532.039
      14.651        0.000     1716.316     2532.039
      14.677        0.000     1716.316     2532.039
      14.699        0.000     1716.316     2532.039
      14.724        0.000     1721.988     2532.039
      14.745        0.000     1721.988     2532.039
      14.766        0.000     1721.988     2532.039
      14.788        0.000     1730.238     2532.039
      14.810        0.000     1730.238     2532.039
      14.831        0.000     1730.238     2532.039
      14.856        0.000     1730.238     2532.039
      14.878        0.000     1732.559     2532.039
      14.899        0.000     1738.746     2532.039
      14.927        0.000     1742.098     2532.039
      14.948        0.000     1745.191     2532.039
      14.970        0.000     1748.801     2532.039
      14.992        0.000     1753.699     2532.039
      15.015        0.000     1754.215     2532.039
      15.037        0.000     1758.082     2532.039
      15.060        0.000     1762.465     2532.039
      15.083        0.000     1765.301     2532.039
      15.106        0.000     1769.426     2532.039
      15.129        0.000     1776.902     2532.039
      15.154        0.000     1776.902     2532.039
      15.180        0.000     1783.863     2532.039
      15.203        0.000     1783.863     2532.039
      15.226        0.000     1783.863     2532.039
      15.252        0.000     1787.730     2532.039
      15.274        0.000     1791.598     2532.039
      15.296        0.000     1794.691     2532.039
      15.319        0.000     1799.074     2532.039
      15.342        0.000     1803.199     2532.039
      15.365        0.000     1806.551     2532.039
      15.389        0.000     1821.246     2532.039
      15.420        0.000     1821.246     2532.039
      15.442        0.000     1821.246     2532.039
      15.469        0.000     1821.246     2532.039
      15.491        0.000     1821.246     2532.039
      15.514        0.000     1821.246     2532.039
      15.544        0.000     1838.520     2532.039
      15.566        0.000     1838.520     2532.039
      15.590        0.000     1838.520     2532.039
      15.611        0.000     1838.520     2532.039
      15.633        0.000     1838.520     2532.039
      15.657        0.000     1838.520     2532.039
      15.678        0.000     1838.520     2532.039
      15.700        0.000     1838.520     2532.039
      15.733        0.000     1838.520     2532.039
      15.755        0.000     1838.520     2532.039
      15.775        0.000     1838.520     2532.039
      15.796        0.000     1838.520     2532.039
      15.829        0.000     1854.762     2532.039
      15.851        0.000     1854.762     2532.039
      15.872        0.000     1854.762     2532.039
      15.900        0.000     1854.762     2532.039
      15.922        0.000     1854.762     2532.039
      15.947        0.000     1854.762     2532.039
      15.969        0.000     1854.762     2532.039
      15.995        0.000     1854.762     2532.039
      16.019        0.000     1854.762     2532.039
      16.041        0.000     1854.762     2532.039
      16.067        0.000     1881.059     2532.039
      16.095        0.000     1881.059     2532.039
      16.125        0.000     1881.059     2532.039
      16.159        0.000     1881.059     2532.039
      16.182        0.000     1881.059     2532.039
      16.207        0.000     1881.059     2532.039
      16.233        0.000     1881.059     2532.039
      16.258        0.000     1881.059     2532.039
      16.284        0.000     1881.059     2532.039
      16.314        0.000     1881.059     2532.039
      16.338        0.000     1881.059     2532.039
      16.360        0.000     1881.059     2532.039
      16.395        0.000     1881.059     2532.039
      16.436        0.000     1908.641     2532.039
      16.465        0.000     1908.641     2532.039
      16.492        0.000     1908.641     2532.039
      16.520        0.000     1908.641     2532.039
      16.547        0.000     1908.641     2532.039
      16.575        0.000     1908.641     2532.039
      16.600        0.000     1908.641     2532.039
      16.623        0.000     1908.641     2532.039
      16.648        0.000     1908.641     2532.039
      16.673        0.000     1908.641     2532.039
      16.695        0.000     1908.641     2532.039
      16.721        0.000     1908.641     2532.039
      16.747        0.000     1908.641     2532.039
      16.774        0.000     1908.641     2532.039
      16.798        0.000     1908.641     2532.039
      16.823        0.000     1908.641     2532.039
      16.845        0.000     1908.641     2532.039
      16.885        0.000     1908.641     2532.039
      16.920        0.000     1937.773     2532.039
      16.954        0.000     1937.773     2532.039
      16.979        0.000     1937.773     2532.039
      17.008        0.000     1937.773     2532.039
      17.043        0.000     1937.773     2532.039
      17.070        0.000     1937.773     2532.039
      17.094        0.000     1937.773     2532.039
      17.117        0.000     1937.773     2532.039
      17.139        0.000     1937.773     2532.039
      17.166        0.000     1937.773     2532.039
      17.187        0.000     1937.773     2532.039
      17.213        0.000     1937.773     2532.039
      17.240        0.000     1937.773     2532.039
      17.264        0.000     1937.773     2532.039
      17.285        0.000     1937.773     2532.039
      17.306        0.000     1937.773     2532.039
      17.328        0.000     1937.773     2532.039
      17.365        0.000     1937.773     2532.039
      17.396        0.000     1965.359     2532.039
      17.418        0.000     1966.648     2532.039
      17.442        0.000     1966.648     2532.039
      17.476        0.000     1966.648     2532.039
      17.497        0.000     1966.648     2532.039
      17.519        0.000     1966.648     2532.039
      17.549        0.000     1966.648     2532.039
      17.570        0.000     1966.648     2532.039
      17.592        0.000     1966.648     2532.039
      17.613        0.000     1966.648     2532.039
      17.643        0.000     1966.648     2532.039
      17.664        0.000     1966.648     2532.039
      17.689        0.000     1966.648     2532.039
      17.711        0.000     1966.648     2532.039
      17.732        0.000     1966.648     2532.039
      17.754        0.000     1966.648     2532.039
      17.775        0.000     1966.648     2532.039
      17.799        0.000     1966.648     2532.039
      17.837        0.000     1966.648     2532.039
      17.859        0.000     1975.930     2532.039
      17.885        0.000     2019.242     2532.039
      17.907        0.000     2063.328     2532.039
      17.929        0.000     2128.148     2532.039
      17.965        0.000     2128.148     2532.039
      17.989        0.000     2128.148     2532.039
      18.010        0.000     2128.148     2532.039
      18.042        0.000     2128.148     2532.039
      18.078        0.000     2128.148     2532.039
      18.102        0.000     2128.148     2532.039
      18.125        0.000     2128.148     2532.039
      18.162        0.000     2128.148     2532.039
      18.184        0.000     2128.148     2532.039
      18.209        0.000     2128.148     2532.039
      18.232        0.000     2128.148     2532.039
      18.259        0.000     2128.148     2532.039
      18.280        0.000     2129.176     2532.039
      18.316        0.000     2129.176     2532.039
      18.343        0.000     2129.176     2532.039
      18.365        0.000     2129.176     2532.039
      18.387        0.000     2129.176     2532.039
      18.412        0.000     2129.176     2532.039
      18.436        0.000     2129.176     2532.039
      18.461        0.000     2129.176     2532.039
      18.485        0.000     2129.176     2532.039
      18.506        0.000     2129.176     2532.039
      18.528        0.000     2137.168     2532.039
      18.570        0.000     2137.168     2532.039
      18.606        0.000     2137.168     2532.039
      18.634        0.000     2137.168     2532.039
      18.660        0.000     2137.168     2532.039
      18.684        0.000     2137.168     2532.039
      18.715        0.000     2137.168     2532.039
      18.741        0.000     2137.168     2532.039
      18.780        0.000     2137.168     2532.039
      18.803        0.000     2137.168     2532.039
      18.836        0.000     2137.168     2532.039
      18.862        0.000     2137.168     2532.039
      18.887        0.000     2137.168     2532.039
      18.922        0.000     2137.168     2532.039
      18.946        0.000     2137.168     2532.039
      18.973        0.000     2137.168     2532.039
      18.999        0.000     2137.168     2532.039
      19.025        0.000     2137.168     2532.039
      19.047        0.000     2137.168     2532.039
      19.074        0.000     2137.168     2532.039
      19.095        0.000     2137.168     2532.039
      19.116        0.000     2137.168     2532.039
      19.137        0.000     2137.168     2532.039
      19.158        0.000     2137.168     2532.039
      19.179        0.000     2137.426     2532.039
      19.228        0.000     2137.426     2532.039
      19.252        0.000     2137.426     2532.039
      19.283        0.000     2137.426     2532.039
      19.306        0.000     2137.426     2532.039
      19.328        0.000     2137.426     2532.039
      19.362        0.000     2138.199     2532.039
      19.386        0.000     2138.199     2532.039
      19.409        0.000     2138.199     2532.039
      19.430        0.000     2138.199     2532.039
      19.451        0.000     2138.199     2532.039
      19.475        0.000     2138.199     2532.039
      19.502        0.000     2138.199     2532.039
      19.546        0.000     2138.199     2532.039
      19.584        0.000     2138.199     2532.039
      19.607        0.000     2138.199     2532.039
      19.643        0.000     2138.199     2532.039
      19.677        0.000     2138.199     2532.039
      19.704        0.000     2138.199     2532.039
      19.739        0.000     2138.199     2532.039
      19.763        0.000     2138.199     2532.039
      19.785        0.000     2138.199     2532.039
      19.807        0.000     2138.199     2532.039
      19.831        0.000     2138.199     2532.039
      19.855        0.000     2138.199     2532.039
      19.876        0.000     2138.199     2532.039
      19.897        0.000     2138.199     2532.039
      19.920        0.000     2138.199     2532.039
      19.946        0.000     2138.199     2532.039
      19.968        0.000     2138.199     2532.039
      19.989        0.000     2138.199     2532.039
      20.010        0.000     1995.496     2372.906
      20.032        0.000     1995.496     2372.906
      20.055        0.000     1995.496     2372.906
      20.076        0.000     1995.496     2372.906
      20.098        0.000     1995.496     2372.906
      20.118        0.000     1995.496     2372.906
      20.139        0.000     1995.496     2372.906
      20.160        0.000     1995.496     2372.906
      20.184        0.000     1995.496     2372.906
      20.208        0.000     1995.496     2372.906
      20.229        0.000     1995.496     2372.906
      20.250        0.000     1995.496     2372.906
      20.271        0.000     1995.496     2372.906
      20.292        0.000     1995.496     2372.906
      20.316        0.000     1995.496     2372.906
      20.337        0.000     1995.496     2372.906
      20.358        0.000     1995.496     2372.906
      20.380        0.000     1995.496     2372.906
      20.404        0.000     1995.496     2372.906
      20.427        0.000     1995.496     2372.906
      20.449        0.000     1995.496     2372.906
      20.472        0.000     1995.496     2372.906
      20.496        0.000     1995.496     2372.906
      20.520        0.000     1995.496     2372.906
      20.543        0.000     1995.496     2372.906
      20.566        0.000     1995.496     2372.906
      20.588        0.000     1995.496     2372.906
      20.611        0.000     1995.496     2372.906
      20.636        0.000     1995.496     2372.906
      20.659        0.000     1995.496     2372.906
      20.681        0.000     1995.496     2372.906
      20.705        0.000     1995.496     2372.906
      20.727        0.000     1698.434     2276.445
      20.751        0.000     1141.441     2276.445
      20.775        0.000      548.434     2276.445
      20.799        0.000      218.406      595.754
      20.826        0.000      219.238      579.746
      20.850        0.000      145.473      505.980
      20.871        0.000        0.684        4.402
