# Elapsed time   CPU (%)     Real (MB)   Virtual (MB)
       0.001        0.000       12.785      189.191
       0.022        0.000       15.285      191.633
       0.048        0.000       18.867      195.023
       0.072        0.000       22.977      198.629
       0.096        0.000       27.508      208.242
       0.118        0.000       31.820      212.152
       0.138        0.000       35.430      381.352
       0.159        0.000       39.699      386.613
       0.181        0.000       42.633      391.000
       0.204        0.000       43.387      391.758
       0.225        0.000       44.992      402.652
       0.247        0.000       49.461      416.039
       0.270        0.000       53.758      415.965
       0.294        0.000       56.645      429.578
       0.316        0.000       59.738      429.578
       0.338        0.000       62.316      429.578
       0.360        0.000       65.152      429.578
       0.378        0.000       67.730      429.578
       0.397        0.000       79.867      443.961
       0.416        0.000      104.617      464.855
       0.435        0.000      121.391      489.570
       0.453        0.000      146.141      508.320
       0.472        0.000      167.539      539.000
       0.491        0.000      191.000      557.750
       0.510        0.000      213.945      576.250
       0.529        0.000      237.148      608.680
       0.548        0.000      260.094      627.180
       0.567        0.000      284.070      646.430
       0.586        0.000      302.949      669.109
       0.605        0.000      315.582      683.039
       0.626        0.000      327.699      696.969
       0.649        0.000      341.621      752.688
       0.675        0.000      364.566      752.688
       0.698        0.000      364.566      752.688
       0.721        0.000      364.566      752.688
       0.744        0.000      364.566      752.688
       0.764        0.000      364.566      752.688
       0.783        0.000      389.059      752.688
       0.802        0.000      271.008      630.789
       0.821        0.000      182.148      541.930
       0.841        0.000       77.465      437.246
       0.860        0.000       77.465      437.246
       0.878        0.000      101.863      481.035
       0.897        0.000      113.465      481.035
       0.916        0.000      113.465      481.035
       0.935        0.000      114.238      481.035
       0.954        0.000      115.012      481.035
       0.973        0.000      115.785      481.035
       0.992        0.000      116.559      481.035
       1.012        0.000      117.332      481.035
       1.031        0.000      117.848      481.035
       1.050        0.000      117.848      481.035
       1.070        0.000      117.848      481.035
       1.093        0.000      120.227      481.035
       1.113        0.000      140.145      895.348
       1.144        0.000      143.523      895.348
       1.171        0.000      147.391      895.348
       1.194        0.000      150.719      895.348
       1.220        0.000      156.406      895.348
       1.248        0.000      161.566      895.348
       1.276        0.000      161.566      895.348
       1.297        0.000      163.828      895.348
       1.324        0.000      165.891      895.348
       1.350        0.000      169.242      895.348
       1.374        0.000      171.562      895.348
       1.397        0.000      174.141      895.348
       1.425        0.000      176.719      895.348
       1.448        0.000      179.812      895.348
       1.471        0.000      181.875      895.348
       1.500        0.000      186.773      895.348
       1.530        0.000      186.773      895.348
       1.554        0.000      188.836      895.348
       1.579        0.000      190.383      895.348
       1.601        0.000      192.188      895.348
       1.629        0.000      194.250      895.348
       1.657        0.000      197.602      895.348
       1.682        0.000      200.695      895.348
       1.709        0.000      202.758      895.348
       1.732        0.000      205.852      895.348
       1.762        0.000      208.430      895.348
       1.790        0.000      209.719      895.348
       1.814        0.000      211.266      895.348
       1.837        0.000      214.617      895.348
       1.865        0.000      221.262      895.348
       1.891        0.000      221.262      895.348
       1.913        0.000      228.832      895.348
       1.934        0.000      229.906      895.348
       1.959        0.000      229.906      895.348
       1.980        0.000      230.152      895.348
       2.002        0.000      239.371      895.348
       2.032        0.000      239.371      895.348
       2.057        0.000      239.371      895.348
       2.079        0.000      245.426      895.348
       2.104        0.000      246.457      895.348
       2.127        0.000      246.457      895.348
       2.151        0.000      247.230      895.348
       2.177        0.000      253.160      895.348
       2.199        0.000      257.801      895.348
       2.222        0.000      259.863      895.348
       2.243        0.000      261.410      895.348
       2.266        0.000      265.793      895.348
       2.289        0.000      265.793      895.348
       2.310        0.000      269.402      895.348
       2.333        0.000      272.238      895.348
       2.355        0.000      276.363      895.348
       2.377        0.000      277.652      895.348
       2.398        0.000      282.293      895.348
       2.419        0.000      287.707      895.348
       2.443        0.000      290.543      895.348
       2.466        0.000      295.441      895.348
       2.490        0.000      295.441      895.348
       2.513        0.000      299.566      895.348
       2.534        0.000      303.949      895.348
       2.555        0.000      309.363      895.348
       2.578        0.000      310.652      895.348
       2.600        0.000      314.004      895.348
       2.621        0.000      316.582      895.348
       2.645        0.000      318.387      895.348
       2.666        0.000      321.996      895.348
       2.693        0.000      323.543      895.348
       2.714        0.000      326.121      895.348
       2.735        0.000      329.988      895.348
       2.756        0.000      331.535      895.348
       2.777        0.000      333.340      895.348
       2.798        0.000      336.176      895.348
       2.822        0.000      340.301      895.348
       2.845        0.000      346.488      895.348
       2.868        0.000      347.777      895.348
       2.890        0.000      353.449      895.348
       2.916        0.000      357.316      895.348
       2.938        0.000      359.895      895.348
       2.962        0.000      359.895      895.348
       2.985        0.000      361.699      895.348
       3.006        0.000      362.988      895.348
       3.027        0.000      370.723      895.348
       3.053        0.000      371.238      895.348
       3.074        0.000      371.238      895.348
       3.097        0.000      374.848      895.348
       3.118        0.000      380.520      895.348
       3.144        0.000      382.324      895.348
       3.165        0.000      383.613      895.348
       3.186        0.000      388.254      895.348
       3.210        0.000      399.598      895.348
       3.233        0.000      399.598      895.348
       3.254        0.000      399.598      895.348
       3.277        0.000      422.332      895.348
       3.312        0.000      422.332      895.348
       3.334        0.000      422.332      895.348
       3.354        0.000      422.332      895.348
       3.383        0.000      422.332      895.348
       3.405        0.000      422.332      895.348
       3.426        0.000      425.137      895.348
       3.453        0.000      433.645      895.348
       3.475        0.000      433.645      895.348
       3.506        0.000      433.645      895.348
       3.530        0.000      433.645      895.348
       3.552        0.000      435.707      895.348
       3.581        0.000      447.824      895.348
       3.604        0.000      447.824      895.348
       3.628        0.000      447.824      895.348
       3.651        0.000      447.824      895.348
       3.674        0.000      447.824      895.348
       3.699        0.000      447.824      895.348
       3.721        0.000      453.754      895.348
       3.756        0.000      501.750      895.348
       3.785        0.000      507.398      895.348
       3.811        0.000      507.398      895.348
       3.834        0.000      507.398      895.348
       3.858        0.000      507.398      895.348
       3.880        0.000      507.398      895.348
       3.901        0.000      507.398      895.348
       3.926        0.000      508.148      895.348
       3.949        0.000      508.148      895.348
       3.971        0.000      509.695      895.348
       3.994        0.000      509.941      895.348
       4.022        0.000      509.941      895.348
       4.045        0.000      509.941      895.348
       4.067        0.000      509.941      895.348
       4.089        0.000      510.191      895.348
       4.110        0.000      510.703      895.348
       4.137        0.000      510.703      895.348
       4.164        0.000      510.703      895.348
       4.186        0.000      510.703      895.348
       4.212        0.000      510.703      895.348
       4.242        0.000      510.703      895.348
       4.263        0.000      510.703      895.348
       4.284        0.000      510.703      895.348
       4.305        0.000      487.180      866.957
       4.328        0.000      487.180      866.957
       4.349        0.000      487.180      866.957
       4.371        0.000      487.180      866.957
       4.394        0.000      487.180      866.957
       4.417        0.000      485.012      866.957
       4.440        0.000      147.832      510.707
       4.462        0.000      147.832      510.707
       4.486        0.000      119.723      482.598
       4.511        0.000        0.773        4.402
