# Elapsed time   CPU (%)     Real (MB)   Virtual (MB)
       0.000        0.000       12.914      189.191
       0.022        0.000       15.152      191.383
       0.044        0.000       18.586      194.297
       0.068        0.000       22.789      198.379
       0.092        0.000       27.066      203.629
       0.123        0.000       32.391      212.723
       0.142        0.000       35.742      381.352
       0.163        0.000       39.859      387.234
       0.184        0.000       42.906      391.379
       0.208        0.000       43.508      392.008
       0.229        0.000       45.203      403.129
       0.250        0.000       50.770      420.934
       0.272        0.000       54.848      421.883
       0.290        0.000       58.750      420.898
       0.309        0.000       61.324      444.266
       0.327        0.000       63.902      444.266
       0.346        0.000       66.738      444.266
       0.364        0.000       69.316      444.266
       0.383        0.000       71.895      444.266
       0.401        0.000       74.730      444.266
       0.419        0.000       77.309      444.266
       0.438        0.000       79.887      444.266
       0.456        0.000       82.465      444.266
       0.475        0.000      101.617      467.812
       0.494        0.000      137.969      503.129
       0.512        0.000      139.242      520.898
       0.530        0.000      165.797      540.898
       0.549        0.000      192.094      560.648
       0.568        0.000      218.133      580.148
       0.586        0.000      244.430      624.441
       0.605        0.000      269.953      644.941
       0.624        0.000      295.477      665.441
       0.642        0.000      321.258      686.191
       0.661        0.000      347.039      730.484
       0.680        0.000      372.820      750.984
       0.698        0.000      398.602      771.734
       0.717        0.000      424.125      792.234
       0.736        0.000      449.391      812.234
       0.755        0.000      469.816      848.277
       0.773        0.000      482.707      848.277
       0.792        0.000      495.598      871.820
       0.810        0.000      508.488      871.820
       0.829        0.000      521.895      895.363
       0.847        0.000      535.301      895.363
       0.866        0.000      561.598      990.664
       0.885        0.000      582.738      990.664
       0.903        0.000      583.082      990.664
       0.921        0.000      583.340      990.664
       0.940        0.000      583.469      990.664
       0.958        0.000      583.598      990.664
       0.976        0.000      583.598      990.664
       0.995        0.000      583.598      990.664
       1.013        0.000      583.598      990.664
       1.031        0.000      592.500      990.664
       1.050        0.000      592.918      990.664
       1.069        0.000      459.980      819.703
       1.088        0.000      372.688      732.410
       1.107        0.000      306.188      665.910
       1.126        0.000      231.895      591.867
       1.144        0.000       98.465      458.359
       1.163        0.000       98.465      458.359
       1.181        0.000      102.203      484.727
       1.200        0.000      132.684      532.750
       1.219        0.000      158.980      532.750
       1.237        0.000      159.238      532.750
       1.256        0.000      160.012      532.750
       1.275        0.000      160.270      532.750
       1.294        0.000      161.301      532.750
       1.313        0.000      162.074      532.750
       1.332        0.000      162.848      532.750
       1.351        0.000      163.621      532.750
       1.370        0.000      164.395      532.750
       1.389        0.000      164.652      532.750
       1.408        0.000      147.078      510.152
       1.426        0.000      162.805      523.332
       1.445        0.000      162.805      523.332
       1.464        0.000      162.805      523.332
       1.483        0.000      167.188      530.969
       1.502        0.000      171.312      530.969
       1.521        0.000      181.367      555.449
       1.540        0.000      200.988     1311.129
       1.569        0.000      206.398     1311.129
       1.590        0.000      210.953     1311.133
       1.611        0.000      214.980     1311.133
       1.633        0.000      222.844     1311.133
       1.654        0.000      222.844     1311.133
       1.675        0.000      225.254     1311.133
       1.696        0.000      229.379     1311.133
       1.717        0.000      233.504     1311.133
       1.738        0.000      236.082     1311.133
       1.762        0.000      240.465     1311.133
       1.784        0.000      243.816     1311.133
       1.806        0.000      248.199     1311.133
       1.829        0.000      257.262     1311.133
       1.857        0.000      257.262     1311.133
       1.878        0.000      258.145     1311.133
       1.905        0.000      262.527     1311.133
       1.926        0.000      266.395     1311.133
       1.946        0.000      268.457     1311.133
       1.967        0.000      271.809     1311.133
       1.988        0.000      274.902     1311.133
       2.009        0.000      278.254     1311.133
       2.030        0.000      280.832     1311.133
       2.051        0.000      285.730     1311.133
       2.076        0.000      290.113     1311.133
       2.097        0.000      292.949     1311.133
       2.118        0.000      297.590     1311.133
       2.138        0.000      299.910     1311.133
       2.161        0.000      302.488     1311.133
       2.182        0.000      302.488     1311.133
       2.203        0.000      307.902     1311.133
       2.229        0.000      307.902     1311.133
       2.251        0.000      310.738     1311.133
       2.275        0.000      313.832     1311.133
       2.296        0.000      324.895     1311.133
       2.317        0.000      325.926     1311.133
       2.338        0.000      325.926     1311.133
       2.360        0.000      325.926     1311.133
       2.387        0.000      334.434     1311.133
       2.409        0.000      334.434     1311.133
       2.430        0.000      334.434     1311.133
       2.452        0.000      334.434     1311.133
       2.473        0.000      344.488     1311.133
       2.497        0.000      356.324     1311.133
       2.521        0.000      356.324     1311.133
       2.542        0.000      356.324     1311.133
       2.565        0.000      356.324     1311.133
       2.588        0.000      356.574     1311.133
       2.611        0.000      356.574     1311.133
       2.632        0.000      358.062     1311.133
       2.668        0.000      390.805     1311.133
       2.689        0.000      395.816     1311.133
       2.711        0.000      401.418     1311.133
       2.747        0.000      401.418     1311.133
       2.768        0.000      401.418     1311.133
       2.789        0.000      401.418     1311.133
       2.810        0.000      401.418     1311.133
       2.831        0.000      401.418     1311.133
       2.859        0.000      402.586     1311.133
       2.880        0.000      403.484     1311.133
       2.904        0.000      403.484     1311.133
       2.925        0.000      403.484     1311.133
       2.946        0.000      403.484     1311.133
       2.967        0.000      403.484     1311.133
       2.988        0.000      403.484     1311.133
       3.009        0.000      403.484     1311.133
       3.030        0.000      407.277     1311.133
       3.064        0.000      408.051     1311.133
       3.101        0.000      408.051     1311.133
       3.122        0.000      408.051     1311.133
       3.143        0.000      423.004     1311.133
       3.165        0.000      423.004     1311.133
       3.199        0.000      423.004     1311.133
       3.221        0.000      423.004     1311.133
       3.241        0.000      423.004     1311.133
       3.262        0.000      423.004     1311.133
       3.285        0.000      423.004     1311.133
       3.306        0.000      423.004     1311.133
       3.327        0.000      423.004     1311.133
       3.351        0.000      423.004     1311.133
       3.384        0.000      426.871     1311.133
       3.405        0.000      430.738     1311.133
       3.429        0.000      434.348     1311.133
       3.453        0.000      440.535     1311.133
       3.476        0.000      446.465     1311.133
       3.498        0.000      448.527     1311.133
       3.520        0.000      455.488     1311.133
       3.545        0.000      461.418     1311.133
       3.567        0.000      461.418     1311.133
       3.589        0.000      467.605     1311.133
       3.612        0.000      469.152     1311.133
       3.634        0.000      469.152     1311.133
       3.658        0.000      469.152     1311.133
       3.683        0.000      473.793     1311.133
       3.705        0.000      476.887     1311.133
       3.728        0.000      481.785     1311.133
       3.751        0.000      485.137     1311.133
       3.774        0.000      489.262     1311.133
       3.797        0.000      492.355     1311.133
       3.819        0.000      494.934     1311.133
       3.842        0.000      497.254     1311.133
       3.865        0.000      501.637     1311.133
       3.888        0.000      504.473     1311.133
       3.910        0.000      508.082     1311.133
       3.933        0.000      514.270     1311.133
       3.956        0.000      518.395     1311.133
       3.979        0.000      518.395     1311.133
       4.000        0.000      525.355     1311.133
       4.022        0.000      525.355     1311.133
       4.043        0.000      525.355     1311.133
       4.064        0.000      525.355     1311.133
       4.088        0.000      528.707     1311.133
       4.112        0.000      533.348     1311.133
       4.138        0.000      533.348     1311.133
       4.160        0.000      534.379     1311.133
       4.182        0.000      538.246     1311.133
       4.205        0.000      542.113     1311.133
       4.228        0.000      551.910     1311.133
       4.257        0.000      551.910     1311.133
       4.281        0.000      556.035     1311.133
       4.304        0.000      562.480     1311.133
       4.325        0.000      562.480     1311.133
       4.346        0.000      566.090     1311.133
       4.367        0.000      570.988     1311.133
       4.392        0.000      578.207     1311.133
       4.415        0.000      578.207     1311.133
       4.438        0.000      578.207     1311.133
       4.464        0.000      594.449     1311.133
       4.492        0.000      594.449     1311.133
       4.516        0.000      594.449     1311.133
       4.538        0.000      594.449     1311.133
       4.566        0.000      594.449     1311.133
       4.587        0.000      594.449     1311.133
       4.609        0.000      594.449     1311.133
       4.646        0.000      598.316     1311.133
       4.668        0.000      602.699     1311.133
       4.690        0.000      605.793     1311.133
       4.715        0.000      608.629     1311.133
       4.737        0.000      615.590     1311.133
       4.761        0.000      622.035     1311.133
       4.783        0.000      625.387     1311.133
       4.807        0.000      626.160     1311.133
       4.829        0.000      627.449     1311.133
       4.853        0.000      632.090     1311.133
       4.876        0.000      638.793     1311.133
       4.899        0.000      638.793     1311.133
       4.923        0.000      648.074     1311.133
       4.947        0.000      648.074     1311.133
       4.974        0.000      648.074     1311.133
       4.996        0.000      648.074     1311.133
       5.021        0.000      652.973     1311.133
       5.043        0.000      655.293     1311.133
       5.066        0.000      659.676     1311.133
       5.088        0.000      664.574     1311.133
       5.111        0.000      666.637     1311.133
       5.134        0.000      670.762     1311.133
       5.157        0.000      675.660     1311.133
       5.180        0.000      680.301     1311.133
       5.203        0.000      684.168     1311.133
       5.229        0.000      685.199     1311.133
       5.254        0.000      691.902     1311.133
       5.276        0.000      691.902     1311.133
       5.299        0.000      691.902     1311.133
       5.321        0.000      691.902     1311.133
       5.343        0.000      696.543     1311.133
       5.366        0.000      696.543     1311.133
       5.389        0.000      704.020     1311.133
       5.415        0.000      704.020     1311.133
       5.438        0.000      704.020     1311.133
       5.460        0.000      704.020     1311.133
       5.482        0.000      704.020     1311.133
       5.504        0.000      719.746     1311.133
       5.528        0.000      719.746     1311.133
       5.550        0.000      719.746     1311.133
       5.573        0.000      719.746     1311.133
       5.599        0.000      719.746     1311.133
       5.625        0.000      719.746     1311.133
       5.649        0.000      719.746     1311.133
       5.671        0.000      719.746     1311.133
       5.704        0.000      735.473     1311.133
       5.729        0.000      735.473     1311.133
       5.760        0.000      735.473     1311.133
       5.782        0.000      735.473     1311.133
       5.806        0.000      735.473     1311.133
       5.830        0.000      735.473     1311.133
       5.852        0.000      735.473     1311.133
       5.875        0.000      735.473     1311.133
       5.901        0.000      758.676     1311.133
       5.928        0.000      758.934     1311.133
       5.955        0.000      758.934     1311.133
       5.979        0.000      758.934     1311.133
       6.002        0.000      758.934     1311.133
       6.026        0.000      758.934     1311.133
       6.048        0.000      758.934     1311.133
       6.071        0.000      758.934     1311.133
       6.093        0.000      758.934     1311.133
       6.118        0.000      758.934     1311.133
       6.140        0.000      758.934     1311.133
       6.167        0.000      758.934     1311.133
       6.197        0.000      787.809     1311.133
       6.226        0.000      787.809     1311.133
       6.252        0.000      787.809     1311.133
       6.279        0.000      787.809     1311.133
       6.310        0.000      787.809     1311.133
       6.332        0.000      787.809     1311.133
       6.359        0.000      787.809     1311.133
       6.385        0.000      787.809     1311.133
       6.408        0.000      787.809     1311.133
       6.432        0.000      787.809     1311.133
       6.459        0.000      787.809     1311.133
       6.489        0.000      787.809     1311.133
       6.513        0.000      787.809     1311.133
       6.536        0.000      787.809     1311.133
       6.558        0.000      787.809     1311.133
       6.603        0.000      787.809     1311.133
       6.643        0.000      800.180     1311.133
       6.666        0.000      800.180     1311.133
       6.697        0.000      800.180     1311.133
       6.723        0.000      800.180     1311.133
       6.748        0.000      800.180     1311.133
       6.777        0.000      800.180     1311.133
       6.799        0.000      800.180     1311.133
       6.820        0.000      800.180     1311.133
       6.852        0.000      827.766     1311.133
       6.875        0.000      827.766     1311.133
       6.910        0.000      827.766     1311.133
       6.931        0.000      827.766     1311.133
       6.957        0.000      827.766     1311.133
       6.981        0.000      827.766     1311.133
       7.008        0.000      827.766     1311.133
       7.033        0.000      827.766     1311.133
       7.055        0.000      827.766     1311.133
       7.080        0.000      827.766     1311.133
       7.102        0.000      827.766     1311.133
       7.122        0.000      827.766     1311.133
       7.144        0.000      827.766     1311.133
       7.168        0.000      827.766     1311.133
       7.189        0.000      827.766     1311.133
       7.221        0.000      827.766     1311.133
       7.246        0.000      836.789     1311.133
       7.278        0.000      881.133     1311.133
       7.300        0.000      920.660     1311.133
       7.325        0.000      922.180     1311.133
       7.357        0.000      922.180     1311.133
       7.380        0.000      922.180     1311.133
       7.402        0.000      922.180     1311.133
       7.441        0.000      922.180     1311.133
       7.462        0.000      922.180     1311.133
       7.484        0.000      922.180     1311.133
       7.505        0.000      922.180     1311.133
       7.526        0.000      922.180     1311.133
       7.550        0.000      922.180     1311.133
       7.573        0.000      922.180     1311.133
       7.594        0.000      922.180     1311.133
       7.618        0.000      922.180     1311.133
       7.645        0.000      922.180     1311.133
       7.666        0.000      923.469     1311.133
       7.691        0.000      923.469     1311.133
       7.712        0.000      923.469     1311.133
       7.733        0.000      925.914     1311.133
       7.765        0.000      925.914     1311.133
       7.788        0.000      925.914     1311.133
       7.811        0.000      925.914     1311.133
       7.833        0.000      925.914     1311.133
       7.854        0.000      925.914     1311.133
       7.882        0.000      925.914     1311.133
       7.903        0.000      925.914     1311.133
       7.924        0.000      925.914     1311.133
       7.945        0.000      925.914     1311.133
       7.971        0.000      925.914     1311.133
       7.993        0.000      926.430     1311.133
       8.030        0.000      926.430     1311.133
       8.053        0.000      926.430     1311.133
       8.086        0.000      926.430     1311.133
       8.114        0.000      926.430     1311.133
       8.150        0.000      926.430     1311.133
       8.184        0.000      926.430     1311.133
       8.206        0.000      926.430     1311.133
       8.235        0.000      926.430     1311.133
       8.258        0.000      926.430     1311.133
       8.279        0.000      926.430     1311.133
       8.302        0.000      926.430     1311.133
       8.323        0.000      926.430     1311.133
       8.346        0.000      889.824     1266.633
       8.366        0.000      889.824     1266.633
       8.387        0.000      889.824     1266.633
       8.412        0.000      889.824     1266.633
       8.434        0.000      889.824     1266.633
       8.462        0.000      889.824     1266.633
       8.492        0.000      889.824     1266.633
       8.516        0.000      889.824     1266.633
       8.540        0.000      889.824     1266.633
       8.563        0.000      509.895     1203.441
       8.586        0.000      148.066      524.688
       8.610        0.000      149.098      508.680
       8.630        0.000      101.762      461.344
       8.651        0.000        0.816        4.402
