# Elapsed time   CPU (%)     Real (MB)   Virtual (MB)
       0.000        0.000       12.965      189.547
       0.023        0.000       15.516      192.023
       0.046        0.000       18.844      195.336
       0.069        0.000       22.785      198.633
       0.092        0.000       27.191      208.398
       0.115        0.000       31.098      211.867
       0.134        0.000       34.984      349.102
       0.155        0.000       38.836      386.363
       0.176        0.000       42.234      391.012
       0.200        0.000       42.988      391.805
       0.221        0.000       44.730      402.652
       0.242        0.000       49.328      438.363
       0.264        0.000       52.738      438.160
       0.284        0.000       56.090      438.160
       0.303        0.000       59.699      438.160
       0.321        0.000       63.566      438.160
       0.340        0.000       67.434      438.160
       0.358        0.000       71.301      438.160
       0.376        0.000       75.684      438.160
       0.395        0.000       79.293      444.211
       0.413        0.000       82.645      444.211
       0.432        0.000       94.094      512.594
       0.451        0.000      109.527      518.023
       0.469        0.000      105.379      505.535
       0.487        0.000      119.559      519.332
       0.506        0.000      137.684      527.672
       0.524        0.000      140.008      519.332
       0.542        0.000      156.836      527.727
       0.561        0.000      180.312      548.559
       0.580        0.000      217.180      607.012
       0.598        0.000      254.305      665.461
       0.617        0.000      291.430      665.461
       0.635        0.000      303.547      665.461
       0.653        0.000      280.996      699.684
       0.672        0.000      306.520      718.684
       0.690        0.000      331.785      737.934
       0.709        0.000      357.566      757.434
       0.728        0.000      383.348      776.684
       0.747        0.000      409.387      796.184
       0.765        0.000      435.168      815.684
       0.784        0.000      461.207      835.184
       0.802        0.000      487.246      854.934
       0.821        0.000      513.285      933.133
       0.840        0.000      536.230      951.383
       0.859        0.000      560.207      970.883
       0.878        0.000      585.988      991.383
       0.897        0.000      611.512     1012.133
       0.915        0.000      637.293     1032.633
       0.934        0.000      663.074     1053.383
       0.953        0.000      688.082     1073.383
       0.971        0.000      713.605     1093.883
       0.990        0.000      739.387     1114.383
       1.009        0.000      765.168     1135.133
       1.027        0.000      790.691     1155.883
       1.046        0.000      816.473     1234.832
       1.065        0.000      842.254     1255.582
       1.083        0.000      868.035     1276.082
       1.102        0.000      893.816     1296.832
       1.120        0.000      919.598     1317.582
       1.139        0.000      945.121     1338.082
       1.158        0.000      970.902     1358.832
       1.176        0.000      996.684     1379.332
       1.195        0.000     1022.723     1400.332
       1.214        0.000     1048.504     1421.082
       1.232        0.000     1074.027     1441.582
       1.251        0.000     1099.809     1462.082
       1.269        0.000     1114.562     1523.031
       1.288        0.000     1127.453     1523.031
       1.307        0.000     1140.602     1523.031
       1.325        0.000     1153.750     1523.031
       1.344        0.000     1166.898     1581.480
       1.363        0.000     1180.047     1581.480
       1.381        0.000     1192.938     1581.480
       1.400        0.000     1206.086     1581.480
       1.419        0.000     1219.234     1581.480
       1.437        0.000     1233.414     1639.930
       1.456        0.000     1247.336     1639.930
       1.474        0.000     1261.773     1639.930
       1.493        0.000     1275.953     1639.930
       1.512        0.000     1278.273     1639.930
       1.531        0.000     1309.984     1880.051
       1.550        0.000     1358.711     1880.051
       1.569        0.000     1396.867     1880.051
       1.588        0.000     1396.867     1880.051
       1.607        0.000     1397.824     1880.051
       1.626        0.000     1400.402     1880.051
       1.644        0.000     1402.980     1880.051
       1.663        0.000     1403.109     1880.051
       1.681        0.000     1403.109     1880.051
       1.700        0.000     1403.109     1880.051
       1.718        0.000     1403.109     1880.051
       1.736        0.000     1403.109     1880.051
       1.754        0.000     1403.109     1880.051
       1.773        0.000     1430.637     1880.051
       1.792        0.000     1473.176     1880.051
       1.811        0.000     1516.230     1880.051
       1.830        0.000     1213.348     1573.305
       1.849        0.000     1142.848     1502.805
       1.868        0.000     1072.848     1432.805
       1.886        0.000     1002.598     1362.555
       1.906        0.000      886.148     1246.105
       1.924        0.000      816.398     1176.355
       1.943        0.000      747.648     1107.605
       1.963        0.000      634.434      994.406
       1.982        0.000      581.449      941.406
       2.001        0.000      527.199      887.156
       2.020        0.000      471.699      831.656
       2.038        0.000      189.891      561.176
       2.062        0.000      200.977      561.176
       2.092        0.000      200.977      561.176
       2.113        0.000      200.977      561.176
       2.135        0.000      200.977      561.176
       2.155        0.000      200.977      561.176
       2.176        0.000      200.977      561.176
       2.194        0.000      217.527      578.176
       2.213        0.000      237.121      648.723
       2.233        0.000      273.215      648.723
       2.252        0.000      311.484      672.914
       2.271        0.000      349.383      805.973
       2.290        0.000      368.203      899.695
       2.310        0.000      396.305      899.695
       2.329        0.000      432.656      899.695
       2.348        0.000      471.328      899.695
       2.367        0.000      480.352      899.695
       2.386        0.000      481.125      899.695
       2.405        0.000      481.125      899.695
       2.424        0.000      481.125      899.695
       2.442        0.000      481.125      899.695
       2.461        0.000      481.125      899.695
       2.480        0.000      481.125      899.695
       2.499        0.000      481.125      899.695
       2.517        0.000      481.125      899.695
       2.536        0.000      481.125      899.695
       2.555        0.000      481.125      899.695
       2.574        0.000      481.125      899.695
       2.594        0.000      482.156      899.695
       2.615        0.000      483.445      899.695
       2.634        0.000      483.445      899.695
       2.655        0.000      484.219      899.695
       2.676        0.000      484.992      899.695
       2.698        0.000      485.766      899.695
       2.719        0.000      486.539      899.695
       2.740        0.000      487.312      899.695
       2.762        0.000      488.086      899.695
       2.782        0.000      488.602      899.695
       2.802        0.000      489.375      899.695
       2.823        0.000      490.406      899.695
       2.844        0.000      490.922      899.695
       2.864        0.000      491.695      899.695
       2.885        0.000      492.727      899.695
       2.906        0.000      493.758      899.695
       2.926        0.000      495.047      899.695
       2.945        0.000      495.820      899.695
       2.965        0.000      496.594      899.695
       2.986        0.000      497.367      899.695
       3.008        0.000      497.883      899.695
       3.028        0.000      498.656      899.695
       3.049        0.000      499.430      899.695
       3.070        0.000      499.945      899.695
       3.091        0.000      500.461      899.695
       3.113        0.000      501.234      899.695
       3.134        0.000      502.008      899.695
       3.154        0.000      502.523      899.695
       3.174        0.000      503.297      899.695
       3.196        0.000      503.812      899.695
       3.217        0.000      504.586      899.695
       3.238        0.000      505.102      899.695
       3.260        0.000      505.617      899.695
       3.281        0.000      506.133      899.695
       3.303        0.000      506.648      899.695
       3.325        0.000      507.164      899.695
       3.347        0.000      507.680      899.695
       3.368        0.000      508.195      899.695
       3.390        0.000      508.711      899.695
       3.412        0.000      509.227      899.695
       3.434        0.000      509.742      899.695
       3.456        0.000      510.258      899.695
       3.477        0.000      510.773      899.695
       3.499        0.000      511.289      899.695
       3.520        0.000      511.805      899.695
       3.542        0.000      512.320      899.695
       3.564        0.000      512.836      899.695
       3.585        0.000      513.352      899.695
       3.607        0.000      513.867      899.695
       3.628        0.000      514.125      899.695
       3.650        0.000      514.641      899.695
       3.671        0.000      515.156      899.695
       3.693        0.000      515.414      899.695
       3.715        0.000      515.672      899.695
       3.736        0.000      515.672      899.695
       3.756        0.000      515.672      899.695
       3.777        0.000      515.672      899.695
       3.799        0.000      515.672      899.695
       3.820        0.000      515.672      899.695
       3.842        0.000      515.672      899.695
       3.863        0.000      515.672      899.695
       3.885        0.000      515.672      899.695
       3.906        0.000      515.672      899.695
       3.928        0.000      515.672      899.695
       3.949        0.000      515.672      899.695
       3.974        0.000      515.672      899.695
       3.995        0.000      515.672      899.695
       4.017        0.000      515.672      899.695
       4.038        0.000      515.672      899.695
       4.060        0.000      515.672      899.695
       4.081        0.000      515.672      899.695
       4.103        0.000      515.672      899.695
       4.124        0.000      515.672      899.695
       4.145        0.000      515.672      899.695
       4.167        0.000      515.672      899.695
       4.188        0.000      515.672      899.695
       4.209        0.000      515.672      899.695
       4.230        0.000      515.672      899.695
       4.250        0.000      515.672      899.695
       4.274        0.000      515.672      899.695
       4.293        0.000      515.672      899.695
       4.312        0.000      434.105      853.344
       4.333        0.000      434.105      853.344
       4.352        0.000      434.105      853.344
       4.371        0.000      442.352      853.344
       4.390        0.000      455.758      853.344
       4.409        0.000      469.164      853.344
       4.428        0.000      481.281      900.711
       4.447        0.000      502.938      900.711
       4.467        0.000      528.719      900.711
       4.486        0.000      528.719      900.711
       4.505        0.000      528.719      900.711
       4.523        0.000      528.719      900.711
       4.542        0.000      528.719      900.711
       4.561        0.000      528.719      900.711
       4.581        0.000      528.719      900.711
       4.599        0.000      528.719      900.711
       4.618        0.000      528.719      900.711
       4.636        0.000      458.293      830.164
       4.656        0.000      458.293      830.164
       4.675        0.000      458.293      830.164
       4.698        0.000      458.293      830.164
       4.720        0.000      458.293      830.164
       4.742        0.000      458.293      865.438
       4.763        0.000      458.293      865.438
       4.783        0.000      459.320      865.438
       4.804        0.000      472.727      865.438
       4.823        0.000      486.391      865.438
       4.842        0.000      493.352      900.711
       4.862        0.000      505.211      900.711
       4.881        0.000      528.672      900.711
       4.901        0.000      528.672      900.711
       4.921        0.000      528.672      900.711
       4.939        0.000      536.148      950.371
       4.958        0.000      548.266      950.371
       4.977        0.000      559.352      950.371
       4.996        0.000      571.211      950.371
       5.014        0.000      578.430      950.371
       5.033        0.000      507.953      915.098
       5.053        0.000      507.953      915.098
       5.071        0.000      507.953      915.098
       5.091        0.000      517.488      915.098
       5.110        0.000      534.504      915.098
       5.129        0.000      549.715      915.098
       5.148        0.000      555.129      985.645
       5.168        0.000      570.598      985.645
       5.187        0.000      601.277      985.645
       5.206        0.000      590.594     2953.441
       5.226        0.000      595.547     2985.867
       5.250        0.000      600.262     2985.867
       5.276        0.000      606.309     2985.867
       5.297        0.000      609.172     2985.867
       5.321        0.000      612.266     2985.867
       5.342        0.000      615.617     2985.867
       5.363        0.000      621.031     2985.867
       5.383        0.000      621.672     2985.867
       5.404        0.000      625.070     2985.867
       5.429        0.000      628.164     2985.867
       5.450        0.000      632.031     2985.867
       5.472        0.000      633.836     2985.867
       5.493        0.000      637.188     2985.867
       5.514        0.000      645.488     2985.867
       5.538        0.000      645.488     2985.867
       5.560        0.000      646.980     2985.867
       5.582        0.000      650.074     2985.867
       5.604        0.000      652.910     2985.867
       5.625        0.000      655.488     2985.867
       5.646        0.000      658.066     2985.867
       5.667        0.000      660.902     2985.867
       5.688        0.000      667.605     2985.867
       5.712        0.000      667.605     2985.867
       5.734        0.000      670.957     2985.867
       5.755        0.000      675.340     2985.867
       5.780        0.000      678.176     2985.867
       5.802        0.000      681.270     2985.867
       5.823        0.000      682.816     2985.867
       5.844        0.000      688.488     2985.867
       5.865        0.000      689.004     2985.867
       5.893        0.000      692.355     2985.867
       5.914        0.000      694.676     2985.867
       5.935        0.000      698.543     2985.867
       5.956        0.000      699.832     2985.867
       5.977        0.000      702.926     2985.867
       5.998        0.000      706.020     2985.867
       6.018        0.000      708.340     2985.867
       6.039        0.000      712.207     2985.867
       6.060        0.000      716.590     2985.867
       6.086        0.000      718.395     2985.867
       6.110        0.000      721.488     2985.867
       6.131        0.000      723.035     2985.867
       6.152        0.000      725.613     2985.867
       6.172        0.000      730.770     2985.867
       6.194        0.000      734.121     2985.867
       6.219        0.000      737.988     2985.867
       6.242        0.000      741.340     2985.867
       6.264        0.000      744.176     2985.867
       6.287        0.000      747.527     2985.867
       6.310        0.000      750.879     2985.867
       6.333        0.000      752.684     2985.867
       6.355        0.000      756.293     2985.867
       6.379        0.000      757.582     2985.867
       6.401        0.000      759.902     2985.867
       6.423        0.000      762.480     2985.867
       6.446        0.000      767.121     2985.867
       6.469        0.000      767.121     2985.867
       6.491        0.000      770.988     2985.867
       6.515        0.000      785.645     2985.867
       6.547        0.000      785.645     2985.867
       6.569        0.000      785.879     2985.867
       6.592        0.000      785.879     2985.867
       6.616        0.000      787.871     2985.867
       6.640        0.000      794.574     2985.867
       6.662        0.000      800.504     2985.867
       6.685        0.000      806.691     2985.867
       6.708        0.000      811.590     2985.867
       6.730        0.000      814.168     2985.867
       6.752        0.000      818.035     2985.867
       6.777        0.000      818.035     2985.867
       6.801        0.000      831.645     2985.867
       6.827        0.000      831.645     2985.867
       6.848        0.000      831.645     2985.867
       6.878        0.000      831.645     2985.867
       6.899        0.000      831.645     2985.867
       6.920        0.000      831.645     2985.867
       6.951        0.000      834.473     2985.867
       6.972        0.000      837.309     2985.867
       6.993        0.000      839.887     2985.867
       7.014        0.000      844.270     2985.867
       7.035        0.000      845.559     2985.867
       7.056        0.000      848.395     2985.867
       7.077        0.000      851.488     2985.867
       7.098        0.000      856.129     2985.867
       7.119        0.000      857.934     2985.867
       7.140        0.000      861.543     2985.867
       7.171        0.000      863.348     2985.867
       7.192        0.000      868.762     2985.867
       7.213        0.000      872.371     2985.867
       7.238        0.000      875.465     2985.867
       7.261        0.000      881.137     2985.867
       7.283        0.000      885.777     2985.867
       7.309        0.000      885.777     2985.867
       7.331        0.000      887.324     2985.867
       7.353        0.000      890.676     2985.867
       7.375        0.000      893.512     2985.867
       7.398        0.000      900.215     2985.867
       7.421        0.000      901.762     2985.867
       7.445        0.000      905.629     2985.867
       7.468        0.000      909.238     2985.867
       7.490        0.000      912.332     2985.867
       7.511        0.000      915.168     2985.867
       7.532        0.000      917.488     2985.867
       7.553        0.000      922.902     2985.867
       7.577        0.000      922.902     2985.867
       7.598        0.000      923.676     2985.867
       7.619        0.000      926.770     2985.867
       7.640        0.000      930.379     2985.867
       7.671        0.000      932.441     2985.867
       7.709        0.000      932.957     2985.867
       7.752        0.000      938.113     2985.867
       7.773        0.000      942.238     2985.867
       7.794        0.000      943.012     2985.867
       7.819        0.000      947.137     2985.867
       7.842        0.000      950.230     2985.867
       7.866        0.000      953.840     2985.867
       7.889        0.000      957.191     2985.867
       7.911        0.000      960.285     2985.867
       7.936        0.000      964.410     2985.867
       7.958        0.000      966.473     2985.867
       7.981        0.000      970.340     2985.867
       8.004        0.000      972.918     2985.867
       8.026        0.000      976.270     2985.867
       8.049        0.000      978.848     2985.867
       8.074        0.000      979.621     2985.867
       8.096        0.000      984.262     2985.867
       8.119        0.000      988.387     2985.867
       8.141        0.000      990.191     2985.867
       8.162        0.000      996.637     2985.867
       8.186        0.000      997.410     2985.867
       8.207        0.000     1000.246     2985.867
       8.228        0.000     1003.082     2985.867
       8.249        0.000     1006.434     2985.867
       8.271        0.000     1009.012     2985.867
       8.292        0.000     1012.105     2985.867
       8.313        0.000     1014.941     2985.867
       8.334        0.000     1016.230     2985.867
       8.355        0.000     1021.902     2985.867
       8.376        0.000     1023.449     2985.867
       8.397        0.000     1026.285     2985.867
       8.418        0.000     1029.121     2985.867
       8.439        0.000     1031.957     2985.867
       8.460        0.000     1034.535     2985.867
       8.481        0.000     1037.371     2985.867
       8.502        0.000     1040.207     2985.867
       8.522        0.000     1042.270     2985.867
       8.543        0.000     1045.879     2985.867
       8.568        0.000     1047.168     2985.867
       8.589        0.000     1052.582     2985.867
       8.612        0.000     1054.645     2985.867
       8.635        0.000     1061.605     2985.867
       8.661        0.000     1061.605     2985.867
       8.683        0.000     1061.605     2985.867
       8.705        0.000     1061.605     2985.867
       8.731        0.000     1073.980     2985.867
       8.753        0.000     1073.980     2985.867
       8.777        0.000     1073.980     2985.867
       8.798        0.000     1073.980     2985.867
       8.821        0.000     1073.980     2985.867
       8.842        0.000     1075.488     2985.867
       8.872        0.000     1087.602     2985.867
       8.895        0.000     1087.602     2985.867
       8.916        0.000     1087.602     2985.867
       8.937        0.000     1087.602     2985.867
       8.959        0.000     1087.602     2985.867
       8.985        0.000     1087.602     2985.867
       9.017        0.000     1104.500     2985.867
       9.039        0.000     1106.328     2985.867
       9.060        0.000     1106.328     2985.867
       9.088        0.000     1106.328     2985.867
       9.109        0.000     1106.328     2985.867
       9.133        0.000     1106.328     2985.867
       9.154        0.000     1106.328     2985.867
       9.183        0.000     1106.328     2985.867
       9.206        0.000     1106.586     2985.867
       9.237        0.000     1121.797     2985.867
       9.258        0.000     1122.055     2985.867
       9.281        0.000     1122.055     2985.867
       9.310        0.000     1122.055     2985.867
       9.333        0.000     1122.055     2985.867
       9.354        0.000     1122.055     2985.867
       9.375        0.000     1122.055     2985.867
       9.396        0.000     1122.055     2985.867
       9.417        0.000     1122.055     2985.867
       9.453        0.000     1138.555     2985.867
       9.474        0.000     1138.797     2985.867
       9.496        0.000     1138.797     2985.867
       9.517        0.000     1138.797     2985.867
       9.541        0.000     1138.797     2985.867
       9.564        0.000     1138.797     2985.867
       9.586        0.000     1138.797     2985.867
       9.609        0.000     1138.797     2985.867
       9.632        0.000     1138.797     2985.867
       9.653        0.000     1138.797     2985.867
       9.689        0.000     1165.012     2985.867
       9.712        0.000     1168.035     2985.867
       9.734        0.000     1168.035     2985.867
       9.768        0.000     1168.035     2985.867
       9.790        0.000     1168.035     2985.867
       9.812        0.000     1168.035     2985.867
       9.833        0.000     1168.035     2985.867
       9.856        0.000     1168.035     2985.867
       9.877        0.000     1168.035     2985.867
       9.898        0.000     1168.035     2985.867
       9.921        0.000     1168.293     2985.867
       9.954        0.000     1168.293     2985.867
       9.975        0.000     1168.293     2985.867
       9.996        0.000     1168.293     2985.867
      10.017        0.000     1168.293     2985.867
      10.039        0.000     1169.766     2985.867
      10.076        0.000     1169.766     2985.867
      10.097        0.000     1169.766     2985.867
      10.118        0.000     1200.961     2985.867
      10.149        0.000     1203.941     2985.867
      10.171        0.000     1203.941     2985.867
      10.193        0.000     1203.941     2985.867
      10.214        0.000     1203.941     2985.867
      10.239        0.000     1203.941     2985.867
      10.261        0.000     1203.941     2985.867
      10.288        0.000     1203.941     2985.867
      10.309        0.000     1203.941     2985.867
      10.330        0.000     1203.941     2985.867
      10.351        0.000     1203.941     2985.867
      10.377        0.000     1203.941     2985.867
      10.401        0.000     1203.941     2985.867
      10.422        0.000     1203.941     2985.867
      10.442        0.000     1203.941     2985.867
      10.463        0.000     1204.453     2985.867
      10.499        0.000     1205.219     2985.867
      10.524        0.000     1205.219     2985.867
      10.545        0.000     1205.219     2985.867
      10.569        0.000     1208.055     2985.867
      10.590        0.000     1210.633     2985.867
      10.611        0.000     1214.500     2985.867
      10.632        0.000     1216.305     2985.867
      10.653        0.000     1219.656     2985.867
      10.674        0.000     1221.719     2985.867
      10.696        0.000     1226.102     2985.867
      10.717        0.000     1228.680     2985.867
      10.741        0.000     1231.000     2985.867
      10.761        0.000     1234.609     2985.867
      10.785        0.000     1237.188     2985.867
      10.805        0.000     1240.539     2985.867
      10.828        0.000     1245.180     2985.867
      10.849        0.000     1247.758     2985.867
      10.872        0.000     1251.625     2985.867
      10.894        0.000     1251.625     2985.867
      10.915        0.000     1262.711     2985.867
      10.945        0.000     1262.711     2985.867
      10.966        0.000     1262.711     2985.867
      10.987        0.000     1262.711     2985.867
      11.018        0.000     1266.062     2985.867
      11.041        0.000     1269.414     2985.867
      11.064        0.000     1272.766     2985.867
      11.087        0.000     1275.859     2985.867
      11.109        0.000     1280.758     2985.867
      11.132        0.000     1282.562     2985.867
      11.155        0.000     1285.656     2985.867
      11.177        0.000     1286.430     2985.867
      11.200        0.000     1289.266     2985.867
      11.222        0.000     1293.133     2985.867
      11.245        0.000     1298.547     2985.867
      11.268        0.000     1301.125     2985.867
      11.290        0.000     1304.219     2985.867
      11.312        0.000     1307.312     2985.867
      11.334        0.000     1310.148     2985.867
      11.357        0.000     1313.242     2985.867
      11.380        0.000     1317.883     2985.867
      11.403        0.000     1324.070     2985.867
      11.428        0.000     1324.070     2985.867
      11.450        0.000     1328.453     2985.867
      11.475        0.000     1328.453     2985.867
      11.497        0.000     1328.453     2985.867
      11.519        0.000     1329.742     2985.867
      11.542        0.000     1333.094     2985.867
      11.564        0.000     1336.961     2985.867
      11.587        0.000     1339.023     2985.867
      11.610        0.000     1342.891     2985.867
      11.633        0.000     1345.727     2985.867
      11.656        0.000     1348.562     2985.867
      11.678        0.000     1352.172     2985.867
      11.701        0.000     1354.750     2985.867
      11.723        0.000     1358.617     2985.867
      11.746        0.000     1366.609     2985.867
      11.771        0.000     1366.609     2985.867
      11.792        0.000     1366.609     2985.867
      11.817        0.000     1369.961     2985.867
      11.838        0.000     1372.797     2985.867
      11.859        0.000     1375.117     2985.867
      11.879        0.000     1378.984     2985.867
      11.900        0.000     1381.047     2985.867
      11.921        0.000     1385.430     2985.867
      11.942        0.000     1385.430     2985.867
      11.963        0.000     1393.422     2985.867
      11.986        0.000     1395.484     2985.867
      12.007        0.000     1395.484     2985.867
      12.030        0.000     1395.484     2985.867
      12.051        0.000     1395.484     2985.867
      12.073        0.000     1411.211     2985.867
      12.100        0.000     1418.945     2985.867
      12.121        0.000     1418.945     2985.867
      12.155        0.000     1418.945     2985.867
      12.176        0.000     1418.945     2985.867
      12.196        0.000     1418.945     2985.867
      12.217        0.000     1418.945     2985.867
      12.241        0.000     1418.945     2985.867
      12.269        0.000     1418.945     2985.867
      12.291        0.000     1418.945     2985.867
      12.337        0.000     1418.945     2985.867
      12.365        0.000     1442.148     2985.867
      12.390        0.000     1455.812     2985.867
      12.411        0.000     1456.926     2985.867
      12.434        0.000     1457.184     2985.867
      12.457        0.000     1457.184     2985.867
      12.492        0.000     1457.184     2985.867
      12.513        0.000     1457.184     2985.867
      12.534        0.000     1457.184     2985.867
      12.556        0.000     1457.184     2985.867
      12.579        0.000     1457.184     2985.867
      12.601        0.000     1457.184     2985.867
      12.622        0.000     1457.441     2985.867
      12.654        0.000     1457.441     2985.867
      12.692        0.000     1457.441     2985.867
      12.720        0.000     1457.441     2985.867
      12.747        0.000     1457.441     2985.867
      12.768        0.000     1457.441     2985.867
      12.789        0.000     1457.441     2985.867
      12.810        0.000     1457.441     2985.867
      12.831        0.000     1457.441     2985.867
      12.852        0.000     1457.441     2985.867
      12.873        0.000     1457.441     2985.867
      12.898        0.000     1457.441     2985.867
      12.923        0.000     1458.160     2985.867
      12.960        0.000     1458.160     2985.867
      12.984        0.000     1458.160     2985.867
      13.004        0.000     1458.160     2985.867
      13.025        0.000     1460.941     2985.867
      13.049        0.000     1464.035     2985.867
      13.071        0.000     1467.645     2985.867
      13.092        0.000     1469.449     2985.867
      13.113        0.000     1472.543     2985.867
      13.133        0.000     1475.895     2985.867
      13.157        0.000     1477.957     2985.867
      13.180        0.000     1481.566     2985.867
      13.202        0.000     1484.918     2985.867
      13.224        0.000     1488.270     2985.867
      13.246        0.000     1490.848     2985.867
      13.268        0.000     1493.684     2985.867
      13.291        0.000     1498.066     2985.867
      13.314        0.000     1500.387     2985.867
      13.336        0.000     1504.770     2985.867
      13.359        0.000     1506.316     2985.867
      13.382        0.000     1510.184     2985.867
      13.406        0.000     1514.051     2985.867
      13.429        0.000     1514.051     2985.867
      13.451        0.000     1514.051     2985.867
      13.474        0.000     1517.145     2985.867
      13.496        0.000     1521.012     2985.867
      13.519        0.000     1523.848     2985.867
      13.542        0.000     1526.941     2985.867
      13.565        0.000     1531.582     2985.867
      13.587        0.000     1533.645     2985.867
      13.610        0.000     1535.191     2985.867
      13.633        0.000     1545.762     2985.867
      13.657        0.000     1545.762     2985.867
      13.683        0.000     1545.762     2985.867
      13.708        0.000     1548.855     2985.867
      13.730        0.000     1551.949     2985.867
      13.752        0.000     1557.105     2985.867
      13.773        0.000     1557.105     2985.867
      13.794        0.000     1560.199     2985.867
      13.815        0.000     1563.809     2985.867
      13.836        0.000     1566.387     2985.867
      13.857        0.000     1568.707     2985.867
      13.877        0.000     1572.059     2985.867
      13.898        0.000     1574.121     2985.867
      13.919        0.000     1580.309     2985.867
      13.943        0.000     1580.309     2985.867
      13.967        0.000     1580.309     2985.867
      13.988        0.000     1582.887     2985.867
      14.008        0.000     1587.012     2985.867
      14.030        0.000     1589.074     2985.867
      14.051        0.000     1591.395     2985.867
      14.072        0.000     1596.035     2985.867
      14.093        0.000     1596.809     2985.867
      14.115        0.000     1599.129     2985.867
      14.136        0.000     1601.965     2985.867
      14.157        0.000     1607.637     2985.867
      14.180        0.000     1614.855     2985.867
      14.202        0.000     1614.855     2985.867
      14.223        0.000     1614.855     2985.867
      14.244        0.000     1623.621     2985.867
      14.266        0.000     1626.973     2985.867
      14.294        0.000     1626.973     2985.867
      14.315        0.000     1626.973     2985.867
      14.336        0.000     1626.973     2985.867
      14.359        0.000     1626.973     2985.867
      14.381        0.000     1648.371     2985.867
      14.406        0.000     1648.371     2985.867
      14.428        0.000     1648.371     2985.867
      14.449        0.000     1648.371     2985.867
      14.470        0.000     1648.371     2985.867
      14.494        0.000     1648.371     2985.867
      14.515        0.000     1648.371     2985.867
      14.536        0.000     1648.371     2985.867
      14.559        0.000     1648.371     2985.867
      14.581        0.000     1648.371     2985.867
      14.605        0.000     1648.371     2985.867
      14.642        0.000     1652.238     2985.867
      14.664        0.000     1695.809     2985.867
      14.698        0.000     1699.512     2985.867
      14.722        0.000     1699.512     2985.867
      14.756        0.000     1699.512     2985.867
      14.786        0.000     1699.512     2985.867
      14.808        0.000     1699.512     2985.867
      14.829        0.000     1699.512     2985.867
      14.852        0.000     1699.512     2985.867
      14.873        0.000     1699.512     2985.867
      14.904        0.000     1699.512     2985.867
      14.925        0.000     1699.512     2985.867
      14.946        0.000     1699.512     2985.867
      14.968        0.000     1700.234     2985.867
      15.002        0.000     1700.234     2985.867
      15.025        0.000     1700.234     2985.867
      15.059        0.000     1700.234     2985.867
      15.082        0.000     1700.234     2985.867
      15.111        0.000     1700.234     2985.867
      15.132        0.000     1700.234     2985.867
      15.154        0.000     1700.234     2985.867
      15.178        0.000     1700.234     2985.867
      15.199        0.000     1700.234     2985.867
      15.220        0.000     1700.234     2985.867
      15.253        0.000     1700.234     2985.867
      15.274        0.000     1700.234     2985.867
      15.296        0.000     1700.234     2985.867
      15.317        0.000     1700.234     2985.867
      15.338        0.000     1700.234     2985.867
      15.360        0.000     1700.234     2985.867
      15.380        0.000     1700.234     2985.867
      15.403        0.000     1700.598     2985.867
      15.428        0.000     1701.062     2985.867
      15.461        0.000     1701.062     2985.867
      15.500        0.000     1701.062     2985.867
      15.532        0.000     1703.898     2985.867
      15.554        0.000     1707.250     2985.867
      15.576        0.000     1710.086     2985.867
      15.599        0.000     1715.758     2985.867
      15.622        0.000     1719.625     2985.867
      15.644        0.000     1723.492     2985.867
      15.667        0.000     1727.359     2985.867
      15.689        0.000     1730.969     2985.867
      15.714        0.000     1730.969     2985.867
      15.738        0.000     1734.836     2985.867
      15.759        0.000     1737.414     2985.867
      15.780        0.000     1740.508     2985.867
      15.801        0.000     1744.117     2985.867
      15.823        0.000     1746.695     2985.867
      15.845        0.000     1749.531     2985.867
      15.868        0.000     1752.883     2985.867
      15.889        0.000     1756.234     2985.867
      15.912        0.000     1757.266     2985.867
      15.933        0.000     1760.875     2985.867
      15.954        0.000     1763.195     2985.867
      15.974        0.000     1765.516     2985.867
      15.995        0.000     1768.867     2985.867
      16.016        0.000     1771.188     2985.867
      16.037        0.000     1778.922     2985.867
      16.061        0.000     1778.922     2985.867
      16.082        0.000     1778.922     2985.867
      16.104        0.000     1786.914     2985.867
      16.130        0.000     1786.914     2985.867
      16.152        0.000     1786.914     2985.867
      16.173        0.000     1786.914     2985.867
      16.195        0.000     1789.492     2985.867
      16.216        0.000     1792.844     2985.867
      16.237        0.000     1795.680     2985.867
      16.257        0.000     1798.516     2985.867
      16.278        0.000     1801.867     2985.867
      16.301        0.000     1804.445     2985.867
      16.322        0.000     1808.055     2985.867
      16.344        0.000     1809.859     2985.867
      16.365        0.000     1812.438     2985.867
      16.388        0.000     1816.047     2985.867
      16.409        0.000     1818.367     2985.867
      16.431        0.000     1820.688     2985.867
      16.452        0.000     1823.266     2985.867
      16.473        0.000     1825.844     2985.867
      16.495        0.000     1828.422     2985.867
      16.515        0.000     1832.289     2985.867
      16.536        0.000     1834.867     2985.867
      16.557        0.000     1836.156     2985.867
      16.582        0.000     1839.250     2985.867
      16.603        0.000     1842.086     2985.867
      16.623        0.000     1844.664     2985.867
      16.644        0.000     1847.242     2985.867
      16.665        0.000     1852.914     2985.867
      16.689        0.000     1854.461     2985.867
      16.710        0.000     1857.555     2985.867
      16.731        0.000     1857.555     2985.867
      16.752        0.000     1859.617     2985.867
      16.773        0.000     1862.711     2985.867
      16.793        0.000     1866.320     2985.867
      16.818        0.000     1869.156     2985.867
      16.838        0.000     1870.961     2985.867
      16.859        0.000     1874.055     2985.867
      16.880        0.000     1877.148     2985.867
      16.902        0.000     1879.211     2985.867
      16.925        0.000     1880.758     2985.867
      16.946        0.000     1883.336     2985.867
      16.967        0.000     1886.430     2985.867
      16.989        0.000     1890.555     2985.867
      17.013        0.000     1893.391     2985.867
      17.035        0.000     1896.227     2985.867
      17.059        0.000     1899.836     2985.867
      17.082        0.000     1902.930     2985.867
      17.104        0.000     1906.539     2985.867
      17.127        0.000     1910.406     2985.867
      17.148        0.000     1912.984     2985.867
      17.168        0.000     1915.562     2985.867
      17.189        0.000     1917.625     2985.867
      17.210        0.000     1919.945     2985.867
      17.232        0.000     1919.945     2985.867
      17.252        0.000     1924.328     2985.867
      17.279        0.000     1927.680     2985.867
      17.300        0.000     1929.742     2985.867
      17.321        0.000     1932.578     2985.867
      17.341        0.000     1936.703     2985.867
      17.365        0.000     1938.766     2985.867
      17.386        0.000     1944.438     2985.867
      17.408        0.000     1944.438     2985.867
      17.430        0.000     1944.438     2985.867
      17.451        0.000     1948.047     2985.867
      17.472        0.000     1948.047     2985.867
      17.493        0.000     1953.719     2985.867
      17.520        0.000     1953.719     2985.867
      17.541        0.000     1953.719     2985.867
      17.562        0.000     1958.359     2985.867
      17.583        0.000     1958.359     2985.867
      17.605        0.000     1958.617     2985.867
      17.633        0.000     1969.188     2985.867
      17.660        0.000     1969.188     2985.867
      17.681        0.000     1969.188     2985.867
      17.702        0.000     1969.188     2985.867
      17.723        0.000     1969.188     2985.867
      17.744        0.000     1972.539     2985.867
      17.770        0.000     1977.180     2985.867
      17.800        0.000     1977.180     2985.867
      17.820        0.000     1977.180     2985.867
      17.841        0.000     1977.180     2985.867
      17.863        0.000     1990.328     2985.867
      17.887        0.000     1990.328     2985.867
      17.908        0.000     1990.328     2985.867
      17.930        0.000     1990.328     2985.867
      17.953        0.000     1990.328     2985.867
      17.975        0.000     1990.328     2985.867
      17.995        0.000     1990.328     2985.867
      18.024        0.000     1992.133     2985.867
      18.045        0.000     1995.227     2985.867
      18.065        0.000     1997.805     2985.867
      18.086        0.000     2001.156     2985.867
      18.107        0.000     2003.734     2985.867
      18.132        0.000     2007.602     2985.867
      18.153        0.000     2010.438     2985.867
      18.174        0.000     2014.820     2985.867
      18.196        0.000     2016.625     2985.867
      18.217        0.000     2020.234     2985.867
      18.241        0.000     2020.234     2985.867
      18.263        0.000     2023.844     2985.867
      18.283        0.000     2026.164     2985.867
      18.305        0.000     2030.547     2985.867
      18.329        0.000     2032.867     2985.867
      18.350        0.000     2035.961     2985.867
      18.371        0.000     2039.828     2985.867
      18.392        0.000     2044.469     2985.867
      18.417        0.000     2044.469     2985.867
      18.439        0.000     2051.688     2985.867
      18.465        0.000     2058.906     2985.867
      18.489        0.000     2063.289     2985.867
      18.513        0.000     2068.961     2985.867
      18.537        0.000     2076.180     2985.867
      18.561        0.000     2082.625     2985.867
      18.585        0.000     2088.297     2985.867
      18.610        0.000     2088.297     2985.867
      18.632        0.000     2088.297     2985.867
      18.655        0.000     2091.906     2985.867
      18.678        0.000     2095.000     2985.867
      18.700        0.000     2098.609     2985.867
      18.723        0.000     2101.188     2985.867
      18.745        0.000     2104.281     2985.867
      18.768        0.000     2108.406     2985.867
      18.792        0.000     2109.953     2985.867
      18.813        0.000     2114.336     2985.867
      18.835        0.000     2117.172     2985.867
      18.859        0.000     2120.781     2985.867
      18.880        0.000     2122.844     2985.867
      18.901        0.000     2125.938     2985.867
      18.923        0.000     2129.547     2985.867
      18.944        0.000     2131.352     2985.867
      18.966        0.000     2138.312     2985.867
      18.991        0.000     2142.695     2985.867
      19.015        0.000     2146.820     2985.867
      19.039        0.000     2148.109     2985.867
      19.061        0.000     2151.977     2985.867
      19.084        0.000     2155.070     2985.867
      19.108        0.000     2160.484     2985.867
      19.130        0.000     2162.289     2985.867
      19.153        0.000     2169.250     2985.867
      19.178        0.000     2169.250     2985.867
      19.204        0.000     2170.023     2985.867
      19.231        0.000     2175.438     2985.867
      19.253        0.000     2175.438     2985.867
      19.280        0.000     2175.438     2985.867
      19.307        0.000     2186.523     2985.867
      19.334        0.000     2186.523     2985.867
      19.357        0.000     2186.523     2985.867
      19.382        0.000     2186.523     2985.867
      19.404        0.000     2191.680     2985.867
      19.435        0.000     2201.477     2985.867
      19.461        0.000     2201.477     2985.867
      19.488        0.000     2201.477     2985.867
      19.510        0.000     2201.477     2985.867
      19.533        0.000     2201.477     2985.867
      19.555        0.000     2201.477     2985.867
      19.578        0.000     2201.477     2985.867
      19.606        0.000     2202.508     2985.867
      19.632        0.000     2227.773     2985.867
      19.658        0.000     2227.773     2985.867
      19.683        0.000     2227.773     2985.867
      19.708        0.000     2227.773     2985.867
      19.732        0.000     2227.773     2985.867
      19.756        0.000     2227.773     2985.867
      19.783        0.000     2227.773     2985.867
      19.805        0.000     2227.773     2985.867
      19.833        0.000     2227.773     2985.867
      19.862        0.000     2227.773     2985.867
      19.883        0.000     2227.773     2985.867
      19.903        0.000     2227.773     2985.867
      19.924        0.000     2227.773     2985.867
      19.949        0.000     2227.773     2985.867
      19.972        0.000     2227.773     2985.867
      20.000        0.000     2227.773     2985.867
      20.024        0.000     2227.773     2985.867
      20.045        0.000     2228.805     2985.867
      20.066        0.000     2231.383     2985.867
      20.087        0.000     2234.477     2985.867
      20.107        0.000     2237.312     2985.867
      20.128        0.000     2240.148     2985.867
      20.149        0.000     2244.789     2985.867
      20.176        0.000     2248.398     2985.867
      20.199        0.000     2251.492     2985.867
      20.220        0.000     2254.586     2985.867
      20.241        0.000     2256.391     2985.867
      20.263        0.000     2256.391     2985.867
      20.286        0.000     2259.484     2985.867
      20.307        0.000     2262.320     2985.867
      20.328        0.000     2265.156     2985.867
      20.348        0.000     2269.281     2985.867
      20.374        0.000     2271.344     2985.867
      20.395        0.000     2274.695     2985.867
      20.416        0.000     2277.016     2985.867
      20.436        0.000     2279.336     2985.867
      20.457        0.000     2282.430     2985.867
      20.481        0.000     2287.070     2985.867
      20.503        0.000     2288.102     2985.867
      20.524        0.000     2292.484     2985.867
      20.545        0.000     2292.484     2985.867
      20.566        0.000     2294.031     2985.867
      20.589        0.000     2295.836     2985.867
      20.612        0.000     2309.500     2985.867
      20.638        0.000     2309.500     2985.867
      20.662        0.000     2309.500     2985.867
      20.688        0.000     2309.500     2985.867
      20.710        0.000     2319.812     2985.867
      20.747        0.000     2341.211     2985.867
      20.773        0.000     2356.938     2985.867
      20.799        0.000     2358.852     2985.867
      20.836        0.000     2358.852     2985.867
      20.863        0.000     2358.852     2985.867
      20.886        0.000     2358.852     2985.867
      20.907        0.000     2358.852     2985.867
      20.930        0.000     2358.852     2985.867
      20.958        0.000     2358.852     2985.867
      20.987        0.000     2358.852     2985.867
      21.013        0.000     2358.852     2985.867
      21.043        0.000     2358.852     2985.867
      21.069        0.000     2358.852     2985.867
      21.092        0.000     2358.852     2985.867
      21.115        0.000     2358.852     2985.867
      21.137        0.000     2358.852     2985.867
      21.162        0.000     2358.852     2985.867
      21.183        0.000     2358.852     2985.867
      21.204        0.000     2358.852     2985.867
      21.230        0.000     2358.852     2985.867
      21.251        0.000     2358.852     2985.867
      21.277        0.000     2358.852     2985.867
      21.297        0.000     2359.621     2985.867
      21.334        0.000     2359.875     2985.867
      21.359        0.000     2359.875     2985.867
      21.396        0.000     2359.875     2985.867
      21.419        0.000     2365.289     2985.867
      21.440        0.000     2419.688     2985.867
      21.466        0.000     2466.352     2985.867
      21.488        0.000     2516.883     2985.867
      21.512        0.000     2550.859     2985.867
      21.538        0.000     2551.117     2985.867
      21.565        0.000     2551.117     2985.867
      21.586        0.000     2551.117     2985.867
      21.607        0.000     2551.117     2985.867
      21.643        0.000     2551.117     2985.867
      21.664        0.000     2551.117     2985.867
      21.696        0.000     2551.117     2985.867
      21.723        0.000     2551.117     2985.867
      21.755        0.000     2551.117     2985.867
      21.776        0.000     2551.117     2985.867
      21.800        0.000     2551.117     2985.867
      21.830        0.000     2551.117     2985.867
      21.852        0.000     2551.117     2985.867
      21.874        0.000     2551.117     2985.867
      21.897        0.000     2551.117     2985.867
      21.919        0.000     2551.117     2985.867
      21.941        0.000     2551.117     2985.867
      21.980        0.000     2551.117     2985.867
      22.001        0.000     2551.117     2985.867
      22.022        0.000     2551.117     2985.867
      22.043        0.000     2551.117     2985.867
      22.065        0.000     2556.488     2985.867
      22.097        0.000     2556.488     2985.867
      22.119        0.000     2556.488     2985.867
      22.140        0.000     2556.488     2985.867
      22.165        0.000     2556.488     2985.867
      22.191        0.000     2556.488     2985.867
      22.215        0.000     2556.488     2985.867
      22.241        0.000     2556.488     2985.867
      22.263        0.000     2556.488     2985.867
      22.285        0.000     2578.145     2985.867
      22.325        0.000     2578.145     2985.867
      22.358        0.000     2578.145     2985.867
      22.384        0.000     2578.145     2985.867
      22.410        0.000     2578.145     2985.867
      22.448        0.000     2578.145     2985.867
      22.475        0.000     2578.145     2985.867
      22.501        0.000     2578.145     2985.867
      22.539        0.000     2578.145     2985.867
      22.565        0.000     2578.145     2985.867
      22.600        0.000     2578.145     2985.867
      22.633        0.000     2578.145     2985.867
      22.668        0.000     2578.145     2985.867
      22.692        0.000     2578.145     2985.867
      22.713        0.000     2578.145     2985.867
      22.735        0.000     2578.145     2985.867
      22.758        0.000     2578.145     2985.867
      22.787        0.000     2578.145     2985.867
      22.821        0.000     2578.145     2985.867
      22.843        0.000     2578.145     2985.867
      22.864        0.000     2578.145     2985.867
      22.885        0.000     2578.145     2985.867
      22.906        0.000     2578.145     2985.867
      22.938        0.000     2578.145     2985.867
      22.968        0.000     2578.145     2985.867
      22.990        0.000     2578.145     2985.867
      23.011        0.000     2578.145     2985.867
      23.032        0.000     2578.145     2985.867
      23.054        0.000     2578.145     2985.867
      23.078        0.000     2578.145     2985.867
      23.100        0.000     2578.145     2985.867
      23.126        0.000     2578.145     2985.867
      23.147        0.000     2578.145     2985.867
      23.169        0.000     2578.145     2985.867
      23.192        0.000     2578.918     2985.867
      23.227        0.000     2578.918     2985.867
      23.251        0.000     2578.918     2985.867
      23.287        0.000     2578.918     2985.867
      23.308        0.000     2578.918     2985.867
      23.329        0.000     2578.918     2985.867
      23.351        0.000     2578.918     2985.867
      23.379        0.000     2578.918     2985.867
      23.416        0.000     2578.918     2985.867
      23.437        0.000     2578.918     2985.867
      23.460        0.000     2578.918     2985.867
      23.484        0.000     2578.918     2985.867
      23.512        0.000     2578.918     2985.867
      23.536        0.000     2578.918     2985.867
      23.559        0.000     2578.918     2985.867
      23.582        0.000     2578.918     2985.867
      23.602        0.000     2578.918     2985.867
      23.638        0.000     2578.918     2985.867
      23.665        0.000     2578.918     2985.867
      23.686        0.000     2578.918     2985.867
      23.709        0.000     2578.918     2985.867
      23.733        0.000     2578.918     2985.867
      23.768        0.000     2578.918     2985.867
      23.789        0.000     2578.918     2985.867
      23.825        0.000     2578.918     2985.867
      23.855        0.000     2578.918     2985.867
      23.877        0.000     2578.918     2985.867
      23.899        0.000     2578.918     2985.867
      23.930        0.000     2578.918     2985.867
      23.956        0.000     2578.918     2985.867
      23.991        0.000     2578.918     2985.867
      24.022        0.000     2578.918     2985.867
      24.043        0.000     2578.918     2985.867
      24.078        0.000     2578.918     2985.867
      24.112        0.000     2578.918     2985.867
      24.133        0.000     2578.918     2985.867
      24.153        0.000     2578.918     2985.867
      24.175        0.000     2578.918     2985.867
      24.195        0.000     2578.918     2985.867
      24.219        0.000     2469.172     2844.273
      24.240        0.000     2363.352     2738.453
      24.260        0.000     2363.352     2738.453
      24.283        0.000     2363.352     2738.453
      24.305        0.000     2363.352     2738.453
      24.327        0.000     2363.352     2738.453
      24.348        0.000     2363.352     2738.453
      24.369        0.000     2363.352     2738.453
      24.390        0.000     2363.352     2738.453
      24.416        0.000     2363.352     2738.453
      24.437        0.000     2363.352     2738.453
      24.458        0.000     2363.352     2738.453
      24.479        0.000     2363.352     2738.453
      24.500        0.000     2363.352     2738.453
      24.520        0.000     2363.352     2738.453
      24.541        0.000     2363.352     2738.453
      24.562        0.000     2363.352     2738.453
      24.584        0.000     2363.352     2738.453
      24.604        0.000     2363.352     2738.453
      24.629        0.000     2363.352     2738.453
      24.650        0.000     2363.352     2738.453
      24.675        0.000     2363.352     2738.453
      24.696        0.000     2363.352     2738.453
      24.716        0.000     2363.352     2738.453
      24.737        0.000     2363.352     2738.453
      24.761        0.000     2363.352     2738.453
      24.785        0.000     2363.352     2738.453
      24.806        0.000     2363.352     2738.453
      24.827        0.000     2363.352     2738.453
      24.848        0.000     2363.352     2738.453
      24.869        0.000     2363.352     2738.453
      24.890        0.000     2363.352     2738.453
      24.912        0.000     2363.352     2738.453
      24.933        0.000     2363.352     2738.453
      24.954        0.000     2363.352     2738.453
      24.977        0.000     2363.352     2738.453
      25.001        0.000     2363.352     2738.453
      25.022        0.000     2363.352     2738.453
      25.043        0.000     2363.352     2738.453
      25.064        0.000     2363.352     2738.453
      25.085        0.000     2363.352     2738.453
      25.106        0.000     2363.352     2738.453
      25.127        0.000     2363.352     2738.453
      25.148        0.000     2363.352     2738.453
      25.173        0.000     2363.352     2738.453
      25.197        0.000     2363.352     2738.453
      25.218        0.000     2363.352     2738.453
      25.239        0.000     2363.352     2738.453
      25.260        0.000     2254.379     2694.078
      25.282        0.000     1784.379     2694.078
      25.305        0.000     1254.379     2694.078
      25.328        0.000      727.961     2694.078
      25.349        0.000      356.648      731.562
      25.374        0.000      368.863      743.660
      25.405        0.000      368.863      743.660
      25.427        0.000      369.285      727.652
      25.450        0.000      369.285      727.652
      25.473        0.000      252.137      610.504
      25.492        0.000        0.676        4.402
