# Elapsed time   CPU (%)     Real (MB)   Virtual (MB)
       0.001        0.000       12.781      157.441
       0.024        0.000       15.715      192.023
       0.047        0.000       19.699      195.520
       0.074        0.000       23.422      199.055
       0.098        0.000       27.574      208.398
       0.121        0.000       31.297      211.625
       0.139        0.000       35.387      349.102
       0.159        0.000       39.047      386.363
       0.180        0.000       42.398      391.012
       0.201        0.000       43.156      391.664
       0.222        0.000       44.852      402.652
       0.245        0.000       48.410      422.500
       0.267        0.000       51.246      422.801
       0.286        0.000       54.340      422.957
       0.304        0.000       57.434      422.957
       0.323        0.000       60.527      422.957
       0.341        0.000       63.363      424.965
       0.359        0.000       66.859      453.793
       0.378        0.000       71.633      453.254
       0.397        0.000       75.605      453.332
       0.415        0.000       79.523      453.312
       0.434        0.000       83.844      454.199
       0.452        0.000       86.816      452.508
       0.471        0.000       92.457      453.926
       0.489        0.000       95.805      458.297
       0.508        0.000      114.656      479.656
       0.526        0.000      151.523      521.715
       0.545        0.000      148.629      536.484
       0.563        0.000      173.895      555.484
       0.581        0.000      199.676      574.734
       0.600        0.000      224.684      593.734
       0.619        0.000      250.207      612.734
       0.637        0.000      274.957      660.273
       0.656        0.000      299.965      680.273
       0.674        0.000      325.230      700.523
       0.693        0.000      351.012      721.273
       0.712        0.000      376.277      741.773
       0.730        0.000      401.801      762.023
       0.748        0.000      426.809      810.062
       0.767        0.000      452.074      830.312
       0.786        0.000      477.340      850.812
       0.804        0.000      502.605      871.062
       0.823        0.000      528.129      891.312
       0.841        0.000      549.316      933.102
       0.860        0.000      562.207      933.102
       0.879        0.000      575.355      961.141
       0.897        0.000      588.246      961.141
       0.916        0.000      601.137      961.141
       0.934        0.000      615.316      989.180
       0.953        0.000      629.238      989.180
       0.971        0.000      654.246     1109.449
       0.990        0.000      689.797     1109.449
       1.010        0.000      691.473     1109.449
       1.028        0.000      693.277     1109.449
       1.047        0.000      693.277     1109.449
       1.065        0.000      693.277     1109.449
       1.084        0.000      693.277     1109.449
       1.102        0.000      719.977     1109.449
       1.121        0.000      612.469      997.297
       1.140        0.000      544.699      904.758
       1.159        0.000      454.660      814.469
       1.178        0.000      385.660      745.469
       1.197        0.000      301.121      660.930
       1.216        0.000      247.121      606.930
       1.234        0.000      116.051      476.008
       1.253        0.000      116.051      476.008
       1.271        0.000      120.434      484.031
       1.290        0.000      152.660      520.090
       1.309        0.000      180.875      612.293
       1.329        0.000      204.336      612.293
       1.349        0.000      228.312      612.293
       1.369        0.000      228.570      612.293
       1.387        0.000      228.570      612.293
       1.406        0.000      228.570      612.293
       1.426        0.000      229.086      612.293
       1.446        0.000      230.117      612.293
       1.466        0.000      231.148      612.293
       1.486        0.000      231.922      612.293
       1.507        0.000      232.953      612.293
       1.529        0.000      233.727      612.293
       1.550        0.000      234.242      612.293
       1.572        0.000      235.016      612.293
       1.593        0.000      235.789      612.293
       1.615        0.000      236.562      612.293
       1.636        0.000      237.078      612.293
       1.659        0.000      237.594      612.293
       1.681        0.000      238.109      612.293
       1.703        0.000      238.883      612.293
       1.725        0.000      239.398      612.293
       1.748        0.000      239.914      612.293
       1.770        0.000      240.430      612.293
       1.793        0.000      240.945      612.293
       1.815        0.000      241.461      612.293
       1.838        0.000      241.719      612.293
       1.860        0.000      242.234      612.293
       1.883        0.000      242.492      612.293
       1.906        0.000      242.492      612.293
       1.927        0.000      204.539      588.266
       1.948        0.000      207.113      588.266
       1.968        0.000      219.746      588.266
       1.987        0.000      240.887      608.301
       2.005        0.000      244.496      608.301
       2.024        0.000      244.496      608.301
       2.043        0.000      244.496      608.301
       2.062        0.000      244.496      608.301
       2.084        0.000      244.496      608.301
       2.104        0.000      244.496      608.301
       2.123        0.000      244.496      608.301
       2.144        0.000      249.395      624.133
       2.163        0.000      260.223      624.133
       2.181        0.000      260.223      624.133
       2.200        0.000      264.348      624.133
       2.219        0.000      268.473      656.180
       2.238        0.000      296.316     1058.789
       2.258        0.000      299.996     1059.219
       2.280        0.000      303.348     1059.219
       2.302        0.000      306.441     1059.219
       2.324        0.000      309.793     1059.219
       2.346        0.000      313.145     1059.219
       2.369        0.000      317.809     1059.219
       2.392        0.000      321.934     1059.219
       2.414        0.000      325.285     1059.219
       2.437        0.000      328.895     1059.219
       2.459        0.000      331.730     1059.219
       2.482        0.000      335.340     1059.219
       2.505        0.000      338.434     1059.219
       2.527        0.000      341.527     1059.219
       2.550        0.000      344.879     1059.219
       2.573        0.000      348.488     1059.219
       2.595        0.000      351.840     1059.219
       2.618        0.000      355.965     1059.219
       2.640        0.000      358.027     1059.219
       2.663        0.000      361.637     1059.219
       2.685        0.000      365.504     1059.219
       2.708        0.000      368.082     1059.219
       2.730        0.000      371.949     1059.219
       2.753        0.000      377.105     1059.219
       2.775        0.000      380.457     1059.219
       2.798        0.000      383.809     1059.219
       2.821        0.000      387.418     1059.219
       2.843        0.000      390.770     1059.219
       2.866        0.000      394.121     1059.219
       2.889        0.000      397.473     1059.219
       2.911        0.000      401.082     1059.219
       2.932        0.000      403.402     1059.219
       2.952        0.000      406.238     1059.219
       2.973        0.000      408.816     1059.219
       2.994        0.000      411.910     1059.219
       3.015        0.000      413.973     1059.219
       3.036        0.000      416.293     1059.219
       3.056        0.000      419.129     1059.219
       3.077        0.000      422.223     1059.219
       3.104        0.000      426.348     1059.219
       3.125        0.000      429.441     1059.219
       3.146        0.000      432.535     1059.219
       3.168        0.000      434.340     1059.219
       3.189        0.000      438.207     1059.219
       3.212        0.000      441.043     1059.219
       3.233        0.000      443.879     1059.219
       3.254        0.000      448.004     1059.219
       3.276        0.000      449.551     1059.219
       3.297        0.000      452.129     1059.219
       3.318        0.000      455.996     1059.219
       3.339        0.000      458.316     1059.219
       3.361        0.000      461.152     1059.219
       3.381        0.000      464.246     1059.219
       3.403        0.000      467.082     1059.219
       3.425        0.000      467.082     1059.219
       3.447        0.000      470.176     1059.219
       3.469        0.000      474.301     1059.219
       3.492        0.000      474.301     1059.219
       3.515        0.000      478.684     1059.219
       3.538        0.000      479.457     1059.219
       3.561        0.000      479.457     1059.219
       3.587        0.000      484.355     1059.219
       3.609        0.000      484.355     1059.219
       3.630        0.000      488.480     1059.219
       3.654        0.000      488.480     1059.219
       3.676        0.000      491.059     1059.219
       3.699        0.000      491.059     1059.219
       3.722        0.000      494.668     1059.219
       3.745        0.000      494.668     1059.219
       3.768        0.000      496.730     1059.219
       3.790        0.000      500.340     1059.219
       3.813        0.000      503.434     1059.219
       3.835        0.000      506.527     1059.219
       3.858        0.000      510.652     1059.219
       3.881        0.000      513.230     1059.219
       3.903        0.000      518.387     1059.219
       3.926        0.000      522.254     1059.219
       3.950        0.000      527.668     1059.219
       3.973        0.000      527.668     1059.219
       3.996        0.000      532.309     1059.219
       4.019        0.000      532.309     1059.219
       4.041        0.000      532.309     1059.219
       4.065        0.000      535.660     1059.219
       4.088        0.000      539.012     1059.219
       4.110        0.000      542.363     1059.219
       4.133        0.000      545.973     1059.219
       4.156        0.000      549.324     1059.219
       4.179        0.000      552.418     1059.219
       4.202        0.000      555.770     1059.219
       4.224        0.000      560.926     1059.219
       4.247        0.000      563.762     1059.219
       4.271        0.000      566.598     1059.219
       4.294        0.000      570.207     1059.219
       4.317        0.000      573.301     1059.219
       4.340        0.000      576.910     1059.219
       4.363        0.000      580.262     1059.219
       4.385        0.000      583.355     1059.219
       4.408        0.000      586.965     1059.219
       4.430        0.000      590.059     1059.219
       4.454        0.000      593.152     1059.219
       4.477        0.000      596.504     1059.219
       4.500        0.000      600.113     1059.219
       4.523        0.000      602.434     1059.219
       4.546        0.000      605.527     1059.219
       4.569        0.000      609.137     1059.219
       4.592        0.000      611.973     1059.219
       4.614        0.000      617.129     1059.219
       4.638        0.000      617.129     1059.219
       4.663        0.000      619.965     1059.219
       4.685        0.000      623.316     1059.219
       4.707        0.000      626.668     1059.219
       4.730        0.000      630.277     1059.219
       4.752        0.000      634.402     1059.219
       4.774        0.000      638.527     1059.219
       4.800        0.000      639.043     1059.219
       4.822        0.000      639.043     1059.219
       4.844        0.000      640.074     1059.219
       4.866        0.000      643.426     1059.219
       4.890        0.000      646.777     1059.219
       4.912        0.000      649.871     1059.219
       4.935        0.000      653.223     1059.219
       4.958        0.000      658.121     1059.219
       4.981        0.000      658.121     1059.219
       5.004        0.000      672.816     1059.219
       5.032        0.000      672.816     1059.219
       5.054        0.000      673.074     1059.219
       5.080        0.000      673.074     1059.219
       5.102        0.000      673.074     1059.219
       5.124        0.000      673.332     1059.219
       5.146        0.000      673.332     1059.219
       5.168        0.000      673.332     1059.219
       5.190        0.000      673.332     1059.219
       5.213        0.000      673.332     1059.219
       5.235        0.000      673.332     1059.219
       5.258        0.000      673.332     1059.219
       5.280        0.000      673.332     1059.219
       5.303        0.000      673.332     1059.219
       5.326        0.000      673.332     1059.219
       5.348        0.000      673.332     1059.219
       5.371        0.000      673.332     1059.219
       5.393        0.000      673.332     1059.219
       5.416        0.000      414.195      951.211
       5.439        0.000      195.117      580.602
       5.468        0.000      196.332      564.594
       5.490        0.000      140.004      508.266
       5.510        0.000        0.695        4.402
