# Elapsed time   CPU (%)     Real (MB)   Virtual (MB)
       0.001        0.000       25.355       46.270
       0.031        0.000       30.898       51.680
       0.060        0.000       33.879       54.688
       0.088        0.000       34.594       55.312
       0.119        0.000       35.457       56.227
       0.148        0.000       35.547       56.289
       0.180        0.000       46.871       67.691
       0.208        0.000       49.703       70.281
       0.241        0.000       46.523       67.031
       0.272        0.000       47.746       69.844
       0.305        0.000       47.750       69.844
       0.336        0.000       47.996       70.152
       0.367        0.000       48.383       70.512
       0.397        0.000       48.414       70.512
       0.428        0.000       51.488       73.527
       0.457        0.000       53.070       75.191
       0.488        0.000       53.754       75.816
       0.521        0.000       54.980       77.043
       0.559        0.000       57.090       79.148
       0.591        0.000       61.473       83.594
       0.623        0.000       62.570       84.621
       0.655        0.000       62.715       84.734
       0.689        0.000       62.855       84.875
       0.724        0.000       63.035       85.031
       0.761        0.000       63.035       85.031
       0.798        0.000       63.473       85.473
       0.833        0.000       63.984       85.949
       0.864        0.000       64.746       86.691
       0.894        0.000       67.387       89.367
       0.925        0.000       71.922       93.812
       0.958        0.000       77.547       99.387
       0.992        0.000       77.547       99.387
       1.025        0.000       77.816       99.699
       1.059        0.000       77.547       99.387
       1.094        0.000       77.547       99.387
       1.125        0.000       77.547       99.387
       1.160        0.000       79.969      101.828
       1.194        0.000       88.469      110.406
       1.225        0.000       98.520      120.551
       1.255        0.000      109.090      131.445
       1.285        0.000      117.453      139.773
       1.315        0.000      112.594      134.453
       1.346        0.000      112.793      134.590
       1.379        0.000      114.254      136.090
       1.409        0.000      113.523      135.406
       1.441        0.000      115.562      137.656
       1.474        0.000      113.156      134.973
       1.508        0.000      114.375      136.223
       1.542        0.000      114.691      136.539
       1.577        0.000      113.172      134.969
       1.610        0.000      115.582      137.406
       1.645        0.000      115.582      137.406
       1.682        0.000      115.113      136.906
       1.717        0.000      116.188      138.031
       1.749        0.000      127.473      149.367
       1.779        0.000      136.293      158.195
       1.816        0.000      145.262      167.215
       1.852        0.000      154.535      176.547
       1.883        0.000      163.652      185.691
       1.915        0.000      172.867      194.895
       1.946        0.000      180.438      202.473
       1.978        0.000      188.734      210.801
       2.010        0.000      186.262      208.234
       2.040        0.000      186.262      208.234
       2.074        0.000      186.332      208.359
       2.104        0.000      186.414      208.426
       2.139        0.000      186.434      208.461
       2.175        0.000      186.434      208.461
       2.213        0.000      186.688      208.648
       2.248        0.000      187.109      209.023
       2.284        0.000      187.352      209.312
       2.325        0.000      187.789      241.875
       2.366        0.000      188.227      241.875
       2.402        0.000      188.664      241.875
       2.433        0.000      188.977      241.875
       2.465        0.000      189.227      241.875
       2.497        0.000      189.664      241.875
       2.529        0.000      189.977      241.875
       2.561        0.000      190.227      241.875
       2.593        0.000      190.664      241.875
       2.626        0.000      190.977      241.875
       2.658        0.000      191.414      241.875
       2.688        0.000      191.727      241.875
       2.717        0.000      192.164      241.875
       2.750        0.000      192.383      241.875
       2.781        0.000      192.727      241.875
       2.812        0.000      193.164      241.875
       2.844        0.000      193.477      241.875
       2.876        0.000      193.914      241.875
       2.907        0.000      194.227      241.875
       2.938        0.000      194.664      241.875
       2.973        0.000      194.914      241.875
       3.004        0.000      195.227      241.875
       3.038        0.000      195.664      241.875
       3.068        0.000      195.977      241.875
       3.101        0.000      196.414      241.875
       3.132        0.000      196.727      241.875
       3.163        0.000      197.164      241.875
       3.193        0.000      197.414      241.875
       3.227        0.000      197.727      241.875
       3.258        0.000      197.977      241.875
       3.293        0.000      198.375      241.875
       3.325        0.000      198.727      241.875
       3.358        0.000      199.164      241.875
       3.388        0.000      199.414      241.875
       3.421        0.000      199.727      241.875
       3.452        0.000      199.977      241.875
       3.486        0.000      200.227      241.875
       3.518        0.000      200.629      241.875
       3.550        0.000      200.977      241.875
       3.581        0.000      201.227      241.875
       3.615        0.000      201.664      241.875
       3.647        0.000      201.977      241.875
       3.677        0.000      202.227      241.875
       3.711        0.000      202.664      241.875
       3.744        0.000      202.977      241.875
       3.775        0.000      203.414      241.875
       3.807        0.000      203.914      241.875
       3.835        0.000      204.164      241.875
       3.869        0.000      204.477      241.875
       3.899        0.000      204.914      241.875
       3.932        0.000      205.164      241.875
       3.963        0.000      205.477      241.875
       3.995        0.000      205.727      241.875
       4.028        0.000      206.164      241.875
       4.059        0.000      206.477      241.875
       4.091        0.000      206.914      241.875
       4.122        0.000      207.227      241.875
       4.157        0.000      207.664      241.875
       4.191        0.000      207.914      241.875
       4.229        0.000      208.227      241.875
       4.263        0.000      208.617      241.875
       4.298        0.000      208.977      241.875
       4.330        0.000      209.414      241.875
       4.364        0.000      209.664      241.875
       4.397        0.000      209.977      241.875
       4.471        0.000      210.227      241.875
       4.528        0.000      210.477      241.875
       4.572        0.000      210.727      241.875
       4.627        0.000      210.977      241.875
       4.676        0.000      211.227      241.875
       4.718        0.000      211.664      241.875
       4.778        0.000      211.727      241.875
       4.840        0.000      211.977      241.875
       4.883        0.000      212.227      241.875
       4.930        0.000      212.664      241.875
       4.967        0.000      212.914      241.875
       5.004        0.000      213.227      241.875
       5.041        0.000      213.664      241.875
       5.072        0.000      213.914      241.875
       5.104        0.000      214.227      241.875
       5.134        0.000      214.664      241.875
       5.164        0.000      214.977      241.875
       5.197        0.000      215.414      241.875
       5.234        0.000      215.664      241.875
       5.264        0.000      216.164      241.875
       5.293        0.000      216.383      241.875
       5.325        0.000      216.723      241.875
       5.355        0.000      217.164      241.875
       5.387        0.000      217.414      241.875
       5.420        0.000      217.727      241.875
       5.450        0.000      218.164      241.875
       5.482        0.000      218.477      241.875
       5.511        0.000      218.914      241.875
       5.543        0.000      219.227      241.875
       5.574        0.000      219.477      241.875
       5.606        0.000      219.785      241.875
       5.635        0.000      227.336      249.453
       5.666        0.000      227.336      249.453
       5.697        0.000      227.336      249.453
       5.731        0.000      238.852      265.547
       5.767        0.000      244.184      273.625
       5.798        0.000      259.434      281.703
       5.825        0.000      267.551      315.961
       5.858        0.000      293.594      315.961
       5.892        0.000      309.875      342.062
       5.930        0.000      283.590      307.945
       5.970        0.000      283.590      307.945
       6.005        0.000      283.590      307.945
       6.042        0.000      251.520      275.699
       6.083        0.000      259.586      281.855
       6.116        0.000      284.910      310.016
       6.147        0.000      295.457      336.117
       6.189        0.000      296.336      334.246
       6.227        0.000      297.188      354.352
       6.257        0.000      319.812      354.352
       6.291        0.000      319.812      354.352
       6.320        0.000      320.273      354.352
       6.350        0.000      321.203      354.352
       6.379        0.000      321.957      354.352
       6.409        0.000      322.637      354.352
       6.438        0.000      323.305      354.352
       6.470        0.000      323.875      354.352
       6.501        0.000      324.395      354.352
       6.533        0.000      324.926      354.352
       6.567        0.000      325.391      354.352
       6.602        0.000      325.793      354.352
       6.638        0.000      326.203      354.352
       6.675        0.000      326.539      354.352
       6.711        0.000      326.840      354.352
       6.741        0.000      307.773      342.316
       6.774        0.000      317.797      352.359
       6.803        0.000      327.812      352.359
       6.831        0.000      327.824      352.359
       6.859        0.000      307.777      332.273
       6.892        0.000      312.254      352.340
       6.922        0.000      332.691      356.363
       6.952        0.000      381.418      778.727
       6.980        0.000      438.195      778.727
       7.008        0.000      496.199      778.727
       7.037        0.000      552.980      778.727
       7.065        0.000      614.746      778.727
       7.100        0.000      670.648      778.727
       7.127        0.000      706.930      778.727
       7.159        0.000      706.969      778.727
       7.189        0.000      707.008      778.727
       7.223        0.000      707.211      778.727
       7.257        0.000      707.414      778.727
       7.287        0.000      707.465      778.727
       7.315        0.000      707.660      778.727
       7.346        0.000      707.750      778.727
       7.375        0.000      707.820      778.727
       7.405        0.000      708.051      778.727
       7.434        0.000      708.062      778.727
       7.464        0.000      708.102      778.727
       7.492        0.000      708.328      778.727
       7.523        0.000      708.492      778.727
       7.553        0.000      708.520      778.727
       7.582        0.000      708.523      778.727
       7.610        0.000      708.652      778.727
       7.641        0.000      708.836      778.727
       7.674        0.000      709.016      778.727
       7.705        0.000      709.074      778.727
       7.733        0.000      709.105      778.727
       7.762        0.000      709.191      778.727
       7.790        0.000      709.211      778.727
       7.819        0.000      709.219      778.727
       7.848        0.000      709.309      778.727
       7.883        0.000      709.414      778.727
       7.920        0.000      709.566      778.727
       7.950        0.000      709.684      778.727
       7.981        0.000      709.688      778.727
       8.010        0.000      709.688      778.727
       8.039        0.000      709.688      778.727
       8.068        0.000      709.699      778.727
       8.100        0.000      709.742      778.727
       8.130        0.000      709.789      778.727
       8.162        0.000      709.867      778.727
       8.194        0.000      709.867      778.727
       8.226        0.000      709.883      778.727
       8.263        0.000      710.020      778.727
       8.293        0.000      710.137      778.727
       8.323        0.000      710.312      778.727
       8.356        0.000      710.453      778.727
       8.387        0.000      710.562      778.727
       8.418        0.000      710.625      778.727
       8.448        0.000      710.715      778.727
       8.484        0.000      710.758      778.727
       8.512        0.000      710.938      778.727
       8.543        0.000      711.184      778.727
       8.573        0.000      711.395      778.727
       8.606        0.000      711.516      778.727
       8.636        0.000      711.566      778.727
       8.669        0.000      711.695      778.727
       8.700        0.000      711.871      778.727
       8.734        0.000      711.996      778.727
       8.765        0.000      712.172      778.727
       8.796        0.000      712.297      778.727
       8.827        0.000      712.398      778.727
       8.857        0.000      712.551      778.727
       8.888        0.000      712.637      778.727
       8.919        0.000      712.727      778.727
       8.949        0.000      712.836      778.727
       8.980        0.000      712.922      778.727
       9.010        0.000      713.066      778.727
       9.041        0.000      713.207      778.727
       9.074        0.000      713.391      778.727
       9.104        0.000      713.512      778.727
       9.140        0.000      713.625      778.727
       9.173        0.000      713.781      778.727
       9.209        0.000      713.879      778.727
       9.246        0.000      714.023      778.727
       9.277        0.000      714.105      778.727
       9.309        0.000      714.176      778.727
       9.340        0.000      714.348      778.727
       9.371        0.000      714.469      778.727
       9.403        0.000      714.547      778.727
       9.434        0.000      714.668      778.727
       9.471        0.000      714.773      778.727
       9.502        0.000      714.875      778.727
       9.533        0.000      714.965      778.727
       9.564        0.000      715.125      778.727
       9.595        0.000      715.379      778.727
       9.627        0.000      715.621      778.727
       9.658        0.000      715.820      778.727
       9.691        0.000      716.031      778.727
       9.722        0.000      716.270      778.727
       9.754        0.000      716.477      778.727
       9.785        0.000      716.605      778.727
       9.815        0.000      716.707      778.727
       9.847        0.000      716.836      778.727
       9.877        0.000      716.949      778.727
       9.910        0.000      717.074      778.727
       9.944        0.000      717.195      778.727
       9.974        0.000      717.340      778.727
      10.006        0.000      717.488      778.727
      10.036        0.000      717.648      778.727
      10.068        0.000      717.746      778.727
      10.098        0.000      717.844      778.727
      10.129        0.000      717.926      778.727
      10.160        0.000      718.051      778.727
      10.192        0.000      718.211      778.727
      10.222        0.000      718.297      778.727
      10.253        0.000      718.402      778.727
      10.284        0.000      718.512      778.727
      10.315        0.000      718.598      778.727
      10.345        0.000      718.684      778.727
      10.377        0.000      718.781      778.727
      10.413        0.000      718.863      778.727
      10.444        0.000      718.965      778.727
      10.475        0.000      719.043      778.727
      10.506        0.000      719.152      778.727
      10.541        0.000      719.289      778.727
      10.572        0.000      719.375      778.727
      10.603        0.000      719.445      778.727
      10.637        0.000      719.523      778.727
      10.668        0.000      719.609      778.727
      10.700        0.000      719.703      778.727
      10.730        0.000      719.785      778.727
      10.761        0.000      719.895      778.727
      10.791        0.000      719.984      778.727
      10.821        0.000      720.070      778.727
      10.852        0.000      720.211      778.727
      10.883        0.000      720.305      778.727
      10.913        0.000      720.402      778.727
      10.944        0.000      720.508      778.727
      10.974        0.000      720.602      778.727
      11.005        0.000      720.719      778.727
      11.035        0.000      720.848      778.727
      11.070        0.000      720.934      778.727
      11.101        0.000      721.047      778.727
      11.137        0.000      721.137      778.727
      11.170        0.000      721.258      778.727
      11.201        0.000      721.352      778.727
      11.233        0.000      721.441      778.727
      11.264        0.000      721.520      778.727
      11.294        0.000      721.590      778.727
      11.324        0.000      721.672      778.727
      11.355        0.000      721.762      778.727
      11.389        0.000      721.879      778.727
      11.419        0.000      722.074      778.727
      11.449        0.000      722.184      778.727
      11.479        0.000      722.305      778.727
      11.510        0.000      722.426      778.727
      11.540        0.000      722.559      778.727
      11.571        0.000      722.723      778.727
      11.601        0.000      722.852      778.727
      11.632        0.000      722.984      778.727
      11.664        0.000      723.129      778.727
      11.699        0.000      723.254      778.727
      11.729        0.000      723.410      778.727
      11.760        0.000      723.578      778.727
      11.790        0.000      723.738      778.727
      11.822        0.000      723.879      778.727
      11.852        0.000      723.984      778.727
      11.883        0.000      724.094      778.727
      11.914        0.000      724.188      778.727
      11.944        0.000      724.266      778.727
      11.975        0.000      724.352      778.727
      12.006        0.000      724.453      778.727
      12.041        0.000      724.527      778.727
      12.072        0.000      724.613      778.727
      12.102        0.000      724.789      778.727
      12.132        0.000      724.949      778.727
      12.164        0.000      725.090      778.727
      12.195        0.000      725.242      778.727
      12.230        0.000      725.379      778.727
      12.261        0.000      725.500      778.727
      12.291        0.000      725.672      778.727
      12.322        0.000      725.844      778.727
      12.355        0.000      726.023      778.727
      12.386        0.000      726.207      778.727
      12.416        0.000      726.355      778.727
      12.448        0.000      726.504      778.727
      12.479        0.000      726.641      778.727
      12.510        0.000      726.789      778.727
      12.540        0.000      726.891      778.727
      12.571        0.000      727.004      778.727
      12.601        0.000      727.125      778.727
      12.633        0.000      727.152      778.727
      12.668        0.000      727.203      778.727
      12.702        0.000      727.277      778.727
      12.733        0.000      727.348      778.727
      12.763        0.000      727.434      778.727
      12.794        0.000      727.484      778.727
      12.829        0.000      727.551      778.727
      12.860        0.000      727.637      778.727
      12.891        0.000      727.695      778.727
      12.922        0.000      727.781      778.727
      12.952        0.000      727.871      778.727
      12.983        0.000      727.961      778.727
      13.014        0.000      728.012      778.727
      13.044        0.000      728.051      778.727
      13.074        0.000      728.090      778.727
      13.105        0.000      728.145      778.727
      13.135        0.000      728.262      778.727
      13.167        0.000      728.312      778.727
      13.201        0.000      728.363      778.727
      13.232        0.000      728.441      778.727
      13.262        0.000      728.512      778.727
      13.293        0.000      728.574      778.727
      13.323        0.000      728.652      778.727
      13.354        0.000      728.730      778.727
      13.384        0.000      728.789      778.727
      13.416        0.000      728.852      778.727
      13.446        0.000      729.016      778.727
      13.479        0.000      729.203      778.727
      13.509        0.000      729.344      778.727
      13.540        0.000      729.520      778.727
      13.572        0.000      729.676      778.727
      13.602        0.000      729.805      778.727
      13.633        0.000      729.895      778.727
      13.664        0.000      730.004      778.727
      13.695        0.000      730.074      778.727
      13.726        0.000      730.191      778.727
      13.757        0.000      730.285      778.727
      13.788        0.000      730.383      778.727
      13.820        0.000      730.477      778.727
      13.851        0.000      730.559      778.727
      13.882        0.000      730.582      778.727
      13.911        0.000      730.594      778.727
      13.939        0.000      730.711      778.727
      13.969        0.000      730.820      778.727
      13.999        0.000      730.883      778.727
      14.028        0.000      731.074      778.727
      14.058        0.000      731.336      778.727
      14.088        0.000      731.578      778.727
      14.120        0.000      731.773      778.727
      14.150        0.000      731.980      778.727
      14.182        0.000      732.242      778.727
      14.213        0.000      732.508      778.727
      14.244        0.000      732.805      778.727
      14.275        0.000      732.969      778.727
      14.312        0.000      733.133      778.727
      14.348        0.000      733.258      778.727
      14.379        0.000      733.367      778.727
      14.410        0.000      733.477      778.727
      14.441        0.000      733.613      778.727
      14.472        0.000      733.707      778.727
      14.502        0.000      733.809      778.727
      14.533        0.000      733.949      778.727
      14.565        0.000      734.086      778.727
      14.596        0.000      734.168      778.727
      14.627        0.000      734.344      778.727
      14.658        0.000      734.438      778.727
      14.692        0.000      734.527      778.727
      14.723        0.000      734.625      778.727
      14.759        0.000      734.738      778.727
      14.797        0.000      734.844      778.727
      14.838        0.000      734.938      778.727
      14.872        0.000      735.039      778.727
      14.909        0.000      735.141      778.727
      14.948        0.000      735.238      778.727
      14.978        0.000      735.320      778.727
      15.011        0.000      735.379      778.727
      15.048        0.000      735.488      778.727
      15.078        0.000      735.594      778.727
      15.109        0.000      735.707      778.727
      15.140        0.000      735.809      778.727
      15.171        0.000      735.867      778.727
      15.203        0.000      735.953      778.727
      15.234        0.000      736.023      778.727
      15.264        0.000      736.109      778.727
      15.295        0.000      736.191      778.727
      15.326        0.000      736.270      778.727
      15.356        0.000      736.363      778.727
      15.386        0.000      736.410      778.727
      15.415        0.000      736.465      778.727
      15.442        0.000      736.465      778.727
      15.471        0.000      736.469      778.727
      15.499        0.000      736.543      778.727
      15.529        0.000      736.641      778.727
      15.559        0.000      736.848      778.727
      15.590        0.000      736.977      778.727
      15.620        0.000      737.184      778.727
      15.651        0.000      737.371      778.727
      15.685        0.000      737.395      778.727
      15.714        0.000      737.465      778.727
      15.744        0.000      737.613      778.727
      15.775        0.000      737.711      778.727
      15.807        0.000      737.762      778.727
      15.837        0.000      737.762      778.727
      15.866        0.000      737.770      778.727
      15.895        0.000      737.824      778.727
      15.925        0.000      737.879      778.727
      15.955        0.000      737.895      778.727
      15.986        0.000      738.012      778.727
      16.016        0.000      738.078      778.727
      16.045        0.000      738.113      778.727
      16.075        0.000      738.188      778.727
      16.106        0.000      738.266      778.727
      16.136        0.000      738.363      778.727
      16.169        0.000      738.500      778.727
      16.199        0.000      738.629      778.727
      16.229        0.000      738.832      778.727
      16.259        0.000      738.977      778.727
      16.292        0.000      739.215      778.727
      16.322        0.000      739.398      778.727
      16.352        0.000      739.559      778.727
      16.384        0.000      739.707      778.727
      16.417        0.000      739.824      778.727
      16.447        0.000      739.941      778.727
      16.478        0.000      740.062      778.727
      16.508        0.000      740.164      778.727
      16.539        0.000      740.270      778.727
      16.569        0.000      740.352      778.727
      16.600        0.000      740.453      778.727
      16.629        0.000      740.488      778.727
      16.658        0.000      740.660      778.727
      16.693        0.000      740.883      778.727
      16.727        0.000      741.133      778.727
      16.759        0.000      741.293      778.727
      16.790        0.000      741.473      778.727
      16.821        0.000      741.691      778.727
      16.858        0.000      741.871      778.727
      16.889        0.000      742.086      778.727
      16.919        0.000      742.344      778.727
      16.949        0.000      742.547      778.727
      16.979        0.000      742.754      778.727
      17.010        0.000      742.957      778.727
      17.040        0.000      743.133      778.727
      17.074        0.000      743.250      778.727
      17.104        0.000      743.355      778.727
      17.135        0.000      743.496      778.727
      17.166        0.000      743.621      778.727
      17.200        0.000      743.738      778.727
      17.230        0.000      743.848      778.727
      17.264        0.000      744.004      778.727
      17.299        0.000      744.129      778.727
      17.330        0.000      744.254      778.727
      17.361        0.000      744.375      778.727
      17.392        0.000      744.488      778.727
      17.422        0.000      744.656      778.727
      17.453        0.000      744.742      778.727
      17.483        0.000      744.828      778.727
      17.514        0.000      744.902      778.727
      17.544        0.000      744.969      778.727
      17.575        0.000      745.012      778.727
      17.606        0.000      745.152      778.727
      17.637        0.000      745.258      778.727
      17.670        0.000      745.355      778.727
      17.701        0.000      745.469      778.727
      17.731        0.000      745.570      778.727
      17.763        0.000      745.664      778.727
      17.793        0.000      745.750      778.727
      17.823        0.000      745.836      778.727
      17.854        0.000      745.941      778.727
      17.885        0.000      746.016      778.727
      17.917        0.000      746.051      778.727
      17.945        0.000      746.070      778.727
      17.973        0.000      746.285      778.727
      18.003        0.000      746.465      778.727
      18.034        0.000      746.594      778.727
      18.065        0.000      746.695      778.727
      18.095        0.000      746.812      778.727
      18.127        0.000      746.934      778.727
      18.157        0.000      747.051      778.727
      18.192        0.000      747.172      778.727
      18.224        0.000      747.301      778.727
      18.255        0.000      747.402      778.727
      18.286        0.000      747.496      778.727
      18.317        0.000      747.648      778.727
      18.349        0.000      747.762      778.727
      18.380        0.000      747.906      778.727
      18.417        0.000      748.016      778.727
      18.448        0.000      748.098      778.727
      18.479        0.000      748.207      778.727
      18.509        0.000      748.336      778.727
      18.539        0.000      748.461      778.727
      18.570        0.000      748.535      778.727
      18.600        0.000      748.633      778.727
      18.631        0.000      748.801      778.727
      18.663        0.000      748.996      778.727
      18.695        0.000      749.152      778.727
      18.727        0.000      749.293      778.727
      18.758        0.000      749.438      778.727
      18.788        0.000      749.578      778.727
      18.820        0.000      749.715      778.727
      18.850        0.000      749.859      778.727
      18.881        0.000      750.008      778.727
      18.911        0.000      750.152      778.727
      18.942        0.000      750.258      778.727
      18.973        0.000      750.395      778.727
      19.003        0.000      750.523      778.727
      19.034        0.000      750.691      778.727
      19.065        0.000      750.840      778.727
      19.096        0.000      750.973      778.727
      19.127        0.000      751.098      778.727
      19.157        0.000      751.191      778.727
      19.193        0.000      751.328      778.727
      19.223        0.000      751.473      778.727
      19.255        0.000      751.578      778.727
      19.285        0.000      751.660      778.727
      19.316        0.000      751.762      778.727
      19.347        0.000      751.887      778.727
      19.379        0.000      751.992      778.727
      19.410        0.000      752.098      778.727
      19.441        0.000      752.176      778.727
      19.471        0.000      752.301      778.727
      19.503        0.000      752.410      778.727
      19.533        0.000      752.535      778.727
      19.564        0.000      752.652      778.727
      19.595        0.000      752.781      778.727
      19.626        0.000      752.867      778.727
      19.657        0.000      752.961      778.727
      19.691        0.000      753.074      778.727
      19.722        0.000      753.207      778.727
      19.756        0.000      753.316      778.727
      19.786        0.000      753.418      778.727
      19.818        0.000      753.543      778.727
      19.850        0.000      753.660      778.727
      19.881        0.000      753.797      778.727
      19.912        0.000      753.910      778.727
      19.943        0.000      754.027      778.727
      19.974        0.000      754.121      778.727
      20.005        0.000      754.250      778.727
      20.036        0.000      754.352      778.727
      20.067        0.000      754.469      778.727
      20.097        0.000      754.543      778.727
      20.128        0.000      754.621      778.727
      20.160        0.000      754.684      778.727
      20.192        0.000      754.742      778.727
      20.225        0.000      754.824      778.727
      20.277        0.000      754.895      778.727
      20.308        0.000      754.965      778.727
      20.339        0.000      755.035      778.727
      20.370        0.000      755.109      778.727
      20.401        0.000      755.145      778.727
      20.432        0.000      755.195      778.727
      20.462        0.000      755.273      778.727
      20.496        0.000      755.355      778.727
      20.527        0.000      755.391      778.727
      20.558        0.000      755.391      778.727
      20.588        0.000      755.391      778.727
      20.620        0.000      755.391      778.727
      20.651        0.000      755.391      778.727
      20.686        0.000      755.391      778.727
      20.719        0.000      755.391      778.727
      20.750        0.000      755.391      778.727
      20.781        0.000      755.391      778.727
      20.812        0.000      755.391      778.727
      20.842        0.000      755.391      778.727
      20.874        0.000      755.391      778.727
      20.904        0.000      755.391      778.727
      20.935        0.000      755.391      778.727
      20.966        0.000      755.391      778.727
      20.998        0.000      755.391      778.727
      21.028        0.000      755.391      778.727
      21.060        0.000      755.391      778.727
      21.090        0.000      755.391      778.727
      21.125        0.000      755.391      778.727
      21.156        0.000      755.391      778.727
      21.187        0.000      755.391      778.727
      21.218        0.000      755.391      778.727
      21.248        0.000      755.391      778.727
      21.279        0.000      755.391      778.727
      21.310        0.000      755.391      778.727
      21.340        0.000      755.391      778.727
      21.372        0.000      755.391      778.727
      21.402        0.000      755.391      778.727
      21.433        0.000      755.391      778.727
      21.464        0.000      755.391      778.727
      21.495        0.000      755.391      778.727
      21.525        0.000      755.391      778.727
      21.556        0.000      755.391      778.727
      21.587        0.000      755.391      778.727
      21.618        0.000      755.391      778.727
      21.648        0.000      755.391      778.727
      21.679        0.000      755.391      778.727
      21.710        0.000      755.391      778.727
      21.741        0.000      755.391      778.727
      21.772        0.000      755.391      778.727
      21.802        0.000      755.391      778.727
      21.833        0.000      755.391      778.727
      21.864        0.000      755.391      778.727
      21.899        0.000      755.391      778.727
      21.930        0.000      755.391      778.727
      21.960        0.000      755.391      778.727
      21.991        0.000      755.391      778.727
      22.022        0.000      755.391      778.727
      22.052        0.000      755.391      778.727
      22.083        0.000      755.391      778.727
      22.114        0.000      755.391      778.727
      22.144        0.000      755.391      778.727
      22.176        0.000      755.391      778.727
      22.210        0.000      755.391      778.727
      22.241        0.000      755.391      778.727
      22.271        0.000      728.469      752.695
      22.303        0.000      729.348      752.695
      22.331        0.000      729.348      752.695
      22.363        0.000      703.285      726.461
      22.395        0.000      747.289      864.609
      22.424        0.000      796.844      864.609
      22.452        0.000      843.137      866.676
      22.481        0.000      843.137      866.676
      22.511        0.000      843.137      866.676
      22.543        0.000      857.191     1142.902
      22.575        0.000      906.953     1142.902
      22.604        0.000      957.527     1142.902
      22.633        0.000     1006.809     1142.902
      22.662        0.000     1051.422     1142.902
      22.691        0.000     1098.559     1142.902
      22.720        0.000     1124.848     1149.102
      22.749        0.000     1124.848     1149.102
      22.780        0.000     1124.848     1149.102
      22.811        0.000     1199.039     1425.328
      22.843        0.000     1304.852     1425.328
      22.876        0.000     1412.102     1565.539
      22.908        0.000     1518.352     1565.539
      22.941        0.000     1554.457     1580.004
      22.971        0.000     1554.457     1580.004
      23.001        0.000     1554.457     1580.004
      23.036        0.000     1331.207     1580.004
      23.070        0.000     1128.871     1153.238
      23.105        0.000     1162.523     1291.383
      23.143        0.000     1213.543     1291.383
      23.176        0.000     1265.660     1291.383
      23.206        0.000     1323.285     1569.672
      23.240        0.000     1369.125     1569.672
      23.273        0.000     1418.219     1569.672
      23.302        0.000     1468.094     1569.672
      23.331        0.000     1518.016     1569.672
      23.360        0.000     1493.688     1569.840
      23.388        0.000     1234.922     1425.699
      23.420        0.000     1124.898     1149.484
      23.453        0.000     1124.898     1149.484
      23.482        0.000     1124.898     1149.484
      23.511        0.000     1124.898     1149.484
      23.538        0.000     1124.898     1149.484
      23.566        0.000     1124.898     1149.484
      23.593        0.000     1124.898     1149.484
      23.621        0.000     1124.898     1149.484
      23.649        0.000     1127.574     1153.555
      23.676        0.000     1132.961     1173.660
      23.708        0.000     1132.965     1173.660
      23.738        0.000     1136.184     1173.660
      23.768        0.000     1132.988     1157.621
      23.801        0.000     1132.953     1157.621
      23.834        0.000     1139.027     1163.949
      23.873        0.000     1145.133     1170.141
      23.909        0.000     1145.133     1170.141
      23.942        0.000     1145.133     1170.141
      23.974        0.000     1004.121     1159.812
      24.007        0.000      793.039     1019.605
      24.042        0.000      694.094      717.234
      24.084        0.000      643.004      664.191
      24.125        0.000      394.949      501.602
      24.172        0.000       83.102       83.152
      24.218        0.000        2.598        3.094
