# Elapsed time   CPU (%)     Real (MB)   Virtual (MB)
       0.000        0.000       16.145       37.832
       0.031        0.000       19.543       40.793
       0.064        0.000       23.711       44.578
       0.091        0.000       25.395       46.242
       0.116        0.000       29.762       50.527
       0.147        0.000       33.801       54.535
       0.178        0.000       34.371       55.098
       0.216        0.000       35.562       56.262
       0.247        0.000       45.820       66.605
       0.279        0.000       49.355       70.070
       0.316        0.000       46.539       67.004
       0.348        0.000       47.441       69.785
       0.380        0.000       47.727       69.785
       0.416        0.000       48.039       70.137
       0.448        0.000       48.438       70.508
       0.479        0.000       48.445       70.508
       0.517        0.000       52.195       74.250
       0.553        0.000       53.340       75.371
       0.581        0.000       53.766       75.809
       0.618        0.000       54.922       76.938
       0.654        0.000       59.375       81.355
       0.686        0.000       63.430       85.355
       0.718        0.000       66.059       87.984
       0.749        0.000       67.086       88.965
       0.782        0.000       73.668       95.730
       0.818        0.000       77.383       99.234
       0.849        0.000       77.383       99.234
       0.889        0.000       77.383       99.234
       0.918        0.000       77.383       99.234
       0.949        0.000       77.387       99.234
       0.980        0.000       77.391       99.234
       1.018        0.000       85.512      107.504
       1.046        0.000       94.715      116.961
       1.086        0.000      109.766      132.113
       1.118        0.000      118.059      140.332
       1.150        0.000      108.438      130.184
       1.181        0.000      108.438      130.184
       1.219        0.000      113.055      134.945
       1.250        0.000      108.438      130.184
       1.281        0.000      110.477      132.441
       1.319        0.000      109.395      131.309
       1.350        0.000      109.953      132.188
       1.382        0.000      110.805      132.691
       1.419        0.000      111.969      134.383
       1.450        0.000      114.750      136.758
       1.481        0.000      114.750      136.758
       1.519        0.000      112.488      134.320
       1.567        0.000      123.363      145.219
       1.598        0.000      132.336      154.234
       1.635        0.000      143.590      165.508
       1.666        0.000      152.816      174.770
       1.697        0.000      162.426      184.414
       1.734        0.000      171.340      193.371
       1.774        0.000      181.680      203.703
       1.814        0.000      184.773      206.777
       1.855        0.000      185.289      207.344
       1.895        0.000      185.500      207.535
       1.935        0.000      185.527      207.535
       1.955        0.000      185.527      207.535
       1.989        0.000      185.527      207.535
       2.021        0.000      185.527      207.535
       2.057        0.000      185.547      207.586
       2.093        0.000      185.945      207.898
       2.129        0.000      186.453      240.215
       2.165        0.000      186.703      240.215
       2.201        0.000      187.016      240.215
       2.232        0.000      187.266      240.215
       2.273        0.000      187.703      240.215
       2.304        0.000      187.953      240.215
       2.335        0.000      188.266      240.215
       2.373        0.000      188.703      240.215
       2.404        0.000      188.953      240.215
       2.435        0.000      189.266      240.215
       2.473        0.000      189.766      240.215
       2.504        0.000      190.203      240.215
       2.536        0.000      190.516      240.215
       2.568        0.000      190.953      240.215
       2.600        0.000      191.266      240.215
       2.631        0.000      191.703      240.215
       2.676        0.000      192.266      240.215
       2.707        0.000      192.703      240.215
       2.738        0.000      193.016      240.215
       2.776        0.000      193.406      240.215
       2.807        0.000      193.766      240.215
       2.838        0.000      194.016      240.215
       2.876        0.000      194.516      240.215
       2.907        0.000      194.953      240.215
       2.939        0.000      195.266      240.215
       2.977        0.000      195.703      240.215
       3.008        0.000      196.016      240.215
       3.039        0.000      196.453      240.215
       3.084        0.000      197.016      240.215
       3.115        0.000      197.266      240.215
       3.146        0.000      197.703      240.215
       3.179        0.000      198.016      240.215
       3.211        0.000      198.453      240.215
       3.242        0.000      198.766      240.215
       3.280        0.000      199.266      240.215
       3.311        0.000      199.703      240.215
       3.342        0.000      200.016      240.215
       3.380        0.000      200.453      240.215
       3.410        0.000      200.766      240.215
       3.445        0.000      201.160      240.215
       3.480        0.000      201.508      240.215
       3.511        0.000      201.902      240.215
       3.543        0.000      202.203      240.215
       3.580        0.000      202.703      240.215
       3.611        0.000      203.016      240.215
       3.642        0.000      203.266      240.215
       3.680        0.000      203.766      240.215
       3.711        0.000      204.203      240.215
       3.743        0.000      204.516      240.215
       3.780        0.000      204.953      240.215
       3.812        0.000      205.266      240.215
       3.843        0.000      205.703      240.215
       3.881        0.000      206.203      240.215
       3.912        0.000      206.516      240.215
       3.943        0.000      206.953      240.215
       3.981        0.000      207.266      240.215
       4.012        0.000      207.766      240.215
       4.040        0.000      208.016      240.215
       4.081        0.000      208.703      240.215
       4.112        0.000      209.016      240.215
       4.144        0.000      209.395      240.215
       4.181        0.000      209.766      240.215
       4.213        0.000      210.016      240.215
       4.244        0.000      210.453      240.215
       4.282        0.000      210.766      240.215
       4.313        0.000      211.203      240.215
       4.344        0.000      211.516      240.215
       4.382        0.000      211.953      240.215
       4.413        0.000      212.266      240.215
       4.444        0.000      212.516      240.215
       4.482        0.000      213.016      240.215
       4.513        0.000      213.453      240.215
       4.545        0.000      213.703      240.215
       4.582        0.000      214.016      240.215
       4.613        0.000      214.453      240.215
       4.645        0.000      214.703      240.215
       4.683        0.000      215.016      240.215
       4.714        0.000      215.453      240.215
       4.745        0.000      215.766      240.215
       4.783        0.000      216.203      240.215
       4.814        0.000      216.516      240.215
       4.845        0.000      216.953      240.215
       4.883        0.000      217.266      240.215
       4.914        0.000      217.703      240.215
       4.945        0.000      218.016      240.215
       4.983        0.000      223.410      247.289
       5.014        0.000      225.160      247.289
       5.047        0.000      225.160      247.289
       5.084        0.000      217.141      239.211
       5.115        0.000      245.445      271.465
       5.146        0.000      241.191      263.383
       5.184        0.000      257.332      279.605
       5.215        0.000      290.531      313.801
       5.246        0.000      300.270      339.906
       5.284        0.000      289.445      311.797
       5.315        0.000      281.434      305.785
       5.347        0.000      281.434      305.785
       5.379        0.000      249.363      273.539
       5.419        0.000      257.430      279.695
       5.459        0.000      285.496      307.855
       5.500        0.000      308.922      333.961
       5.540        0.000      283.504      305.980
       5.593        0.000      317.656      352.195
       5.639        0.000      317.656      352.195
       5.670        0.000      318.070      352.195
       5.702        0.000      319.023      352.195
       5.733        0.000      319.750      352.195
       5.764        0.000      320.383      352.195
       5.795        0.000      321.047      352.195
       5.826        0.000      321.617      352.195
       5.858        0.000      322.035      352.195
       5.889        0.000      322.559      352.195
       5.920        0.000      322.992      352.195
       5.951        0.000      323.391      352.195
       5.983        0.000      323.781      352.195
       6.014        0.000      324.172      352.195
       6.050        0.000      324.535      352.195
       6.082        0.000      324.684      352.195
       6.113        0.000      305.617      340.160
       6.144        0.000      315.641      350.203
       6.175        0.000      325.656      350.203
       6.206        0.000      325.668      350.203
       6.238        0.000      305.621      330.117
       6.269        0.000      303.617      350.184
       6.300        0.000      318.852      350.184
       6.331        0.000      355.879      776.570
       6.363        0.000      416.766      776.570
       6.394        0.000      475.367      776.570
       6.425        0.000      538.691      776.570
       6.456        0.000      584.070      776.570
       6.488        0.000      642.176      776.570
       6.519        0.000      696.082      776.570
       6.547        0.000      704.812      776.570
       6.583        0.000      704.812      776.570
       6.614        0.000      704.922      776.570
       6.645        0.000      705.062      776.570
       6.677        0.000      705.223      776.570
       6.708        0.000      705.289      776.570
       6.739        0.000      705.312      776.570
       6.770        0.000      705.547      776.570
       6.802        0.000      705.594      776.570
       6.833        0.000      705.668      776.570
       6.864        0.000      705.895      776.570
       6.895        0.000      705.895      776.570
       6.926        0.000      705.926      776.570
       6.958        0.000      705.992      776.570
       6.989        0.000      706.230      776.570
       7.020        0.000      706.336      776.570
       7.056        0.000      706.363      776.570
       7.084        0.000      706.367      776.570
       7.115        0.000      706.488      776.570
       7.146        0.000      706.609      776.570
       7.178        0.000      706.824      776.570
       7.209        0.000      706.859      776.570
       7.240        0.000      706.934      776.570
       7.271        0.000      706.992      776.570
       7.311        0.000      707.035      776.570
       7.342        0.000      707.055      776.570
       7.374        0.000      707.062      776.570
       7.405        0.000      707.164      776.570
       7.436        0.000      707.277      776.570
       7.467        0.000      707.406      776.570
       7.499        0.000      707.508      776.570
       7.535        0.000      707.531      776.570
       7.567        0.000      707.531      776.570
       7.598        0.000      707.531      776.570
       7.629        0.000      707.543      776.570
       7.660        0.000      707.578      776.570
       7.692        0.000      707.633      776.570
       7.723        0.000      707.652      776.570
       7.754        0.000      707.711      776.570
       7.801        0.000      707.719      776.570
       7.832        0.000      707.828      776.570
       7.863        0.000      707.938      776.570
       7.895        0.000      708.113      776.570
       7.926        0.000      708.195      776.570
       7.957        0.000      708.320      776.570
       7.988        0.000      708.402      776.570
       8.020        0.000      708.441      776.570
       8.055        0.000      708.523      776.570
       8.099        0.000      708.602      776.570
       8.130        0.000      708.672      776.570
       8.161        0.000      708.922      776.570
       8.193        0.000      709.082      776.570
       8.224        0.000      709.258      776.570
       8.255        0.000      709.348      776.570
       8.286        0.000      709.398      776.570
       8.318        0.000      709.496      776.570
       8.349        0.000      709.602      776.570
       8.380        0.000      709.754      776.570
       8.411        0.000      709.902      776.570
       8.443        0.000      710.027      776.570
       8.474        0.000      710.133      776.570
       8.505        0.000      710.215      776.570
       8.536        0.000      710.309      776.570
       8.585        0.000      710.453      776.570
       8.616        0.000      710.535      776.570
       8.647        0.000      710.605      776.570
       8.679        0.000      710.707      776.570
       8.710        0.000      710.777      776.570
       8.741        0.000      710.898      776.570
       8.772        0.000      711.020      776.570
       8.804        0.000      711.176      776.570
       8.847        0.000      711.344      776.570
       8.878        0.000      711.430      776.570
       8.909        0.000      711.559      776.570
       8.941        0.000      711.672      776.570
       8.972        0.000      711.785      776.570
       9.003        0.000      711.879      776.570
       9.034        0.000      711.941      776.570
       9.083        0.000      712.031      776.570
       9.114        0.000      712.145      776.570
       9.145        0.000      712.258      776.570
       9.176        0.000      712.344      776.570
       9.208        0.000      712.414      776.570
       9.239        0.000      712.512      776.570
       9.270        0.000      712.609      776.570
       9.301        0.000      712.688      776.570
       9.333        0.000      712.770      776.570
       9.364        0.000      712.844      776.570
       9.395        0.000      713.031      776.570
       9.426        0.000      713.277      776.570
       9.458        0.000      713.465      776.570
       9.489        0.000      713.660      776.570
       9.520        0.000      713.824      776.570
       9.556        0.000      714.074      776.570
       9.584        0.000      714.254      776.570
       9.615        0.000      714.375      776.570
       9.647        0.000      714.480      776.570
       9.678        0.000      714.566      776.570
       9.709        0.000      714.680      776.570
       9.740        0.000      714.766      776.570
       9.772        0.000      714.875      776.570
       9.803        0.000      714.988      776.570
       9.834        0.000      715.086      776.570
       9.865        0.000      715.223      776.570
       9.897        0.000      715.340      776.570
       9.928        0.000      715.477      776.570
       9.959        0.000      715.547      776.570
       9.990        0.000      715.645      776.570
      10.021        0.000      715.699      776.570
      10.066        0.000      715.820      776.570
      10.097        0.000      715.953      776.570
      10.128        0.000      716.090      776.570
      10.160        0.000      716.164      776.570
      10.191        0.000      716.254      776.570
      10.222        0.000      716.340      776.570
      10.253        0.000      716.426      776.570
      10.285        0.000      716.508      776.570
      10.316        0.000      716.574      776.570
      10.347        0.000      716.672      776.570
      10.378        0.000      716.750      776.570
      10.410        0.000      716.832      776.570
      10.441        0.000      716.887      776.570
      10.472        0.000      716.992      776.570
      10.503        0.000      717.109      776.570
      10.535        0.000      717.195      776.570
      10.583        0.000      717.289      776.570
      10.614        0.000      717.367      776.570
      10.645        0.000      717.438      776.570
      10.676        0.000      717.500      776.570
      10.708        0.000      717.590      776.570
      10.739        0.000      717.660      776.570
      10.770        0.000      717.762      776.570
      10.801        0.000      717.848      776.570
      10.833        0.000      717.902      776.570
      10.864        0.000      718.027      776.570
      10.895        0.000      718.133      776.570
      10.926        0.000      718.211      776.570
      10.958        0.000      718.309      776.570
      10.989        0.000      718.395      776.570
      11.020        0.000      718.516      776.570
      11.056        0.000      718.605      776.570
      11.084        0.000      718.691      776.570
      11.115        0.000      718.777      776.570
      11.146        0.000      718.859      776.570
      11.178        0.000      718.961      776.570
      11.209        0.000      719.051      776.570
      11.240        0.000      719.145      776.570
      11.271        0.000      719.223      776.570
      11.303        0.000      719.301      776.570
      11.334        0.000      719.359      776.570
      11.365        0.000      719.426      776.570
      11.396        0.000      719.492      776.570
      11.435        0.000      719.605      776.570
      11.466        0.000      719.711      776.570
      11.497        0.000      719.906      776.570
      11.528        0.000      720.020      776.570
      11.569        0.000      720.172      776.570
      11.600        0.000      720.250      776.570
      11.631        0.000      720.328      776.570
      11.662        0.000      720.480      776.570
      11.694        0.000      720.637      776.570
      11.725        0.000      720.730      776.570
      11.756        0.000      720.836      776.570
      11.787        0.000      720.973      776.570
      11.819        0.000      721.074      776.570
      11.850        0.000      721.203      776.570
      11.881        0.000      721.344      776.570
      11.912        0.000      721.500      776.570
      11.944        0.000      721.645      776.570
      11.975        0.000      721.738      776.570
      12.006        0.000      721.820      776.570
      12.037        0.000      721.918      776.570
      12.085        0.000      722.066      776.570
      12.117        0.000      722.129      776.570
      12.148        0.000      722.199      776.570
      12.179        0.000      722.277      776.570
      12.210        0.000      722.328      776.570
      12.242        0.000      722.398      776.570
      12.273        0.000      722.473      776.570
      12.309        0.000      722.648      776.570
      12.340        0.000      722.805      776.570
      12.372        0.000      722.914      776.570
      12.403        0.000      723.051      776.570
      12.434        0.000      723.199      776.570
      12.465        0.000      723.336      776.570
      12.497        0.000      723.508      776.570
      12.529        0.000      723.691      776.570
      12.569        0.000      723.922      776.570
      12.600        0.000      724.109      776.570
      12.632        0.000      724.262      776.570
      12.663        0.000      724.391      776.570
      12.694        0.000      724.555      776.570
      12.725        0.000      724.691      776.570
      12.757        0.000      724.773      776.570
      12.788        0.000      724.883      776.570
      12.819        0.000      724.984      776.570
      12.850        0.000      725.012      776.570
      12.882        0.000      725.074      776.570
      12.913        0.000      725.148      776.570
      12.944        0.000      725.246      776.570
      12.975        0.000      725.305      776.570
      13.006        0.000      725.363      776.570
      13.038        0.000      725.434      776.570
      13.082        0.000      725.520      776.570
      13.113        0.000      725.602      776.570
      13.145        0.000      725.684      776.570
      13.176        0.000      725.754      776.570
      13.207        0.000      725.820      776.570
      13.238        0.000      725.879      776.570
      13.270        0.000      725.922      776.570
      13.301        0.000      725.957      776.570
      13.332        0.000      726.078      776.570
      13.363        0.000      726.141      776.570
      13.394        0.000      726.199      776.570
      13.426        0.000      726.266      776.570
      13.457        0.000      726.320      776.570
      13.488        0.000      726.387      776.570
      13.519        0.000      726.477      776.570
      13.551        0.000      726.559      776.570
      13.583        0.000      726.609      776.570
      13.615        0.000      726.660      776.570
      13.646        0.000      726.809      776.570
      13.677        0.000      726.961      776.570
      13.708        0.000      727.148      776.570
      13.740        0.000      727.320      776.570
      13.771        0.000      727.492      776.570
      13.802        0.000      727.621      776.570
      13.833        0.000      727.730      776.570
      13.864        0.000      727.836      776.570
      13.896        0.000      727.918      776.570
      13.927        0.000      728.035      776.570
      13.958        0.000      728.133      776.570
      13.989        0.000      728.227      776.570
      14.021        0.000      728.320      776.570
      14.053        0.000      728.402      776.570
      14.085        0.000      728.430      776.570
      14.116        0.000      728.453      776.570
      14.147        0.000      728.621      776.570
      14.178        0.000      728.664      776.570
      14.210        0.000      728.727      776.570
      14.241        0.000      729.027      776.570
      14.272        0.000      729.289      776.570
      14.303        0.000      729.492      776.570
      14.335        0.000      729.680      776.570
      14.366        0.000      729.961      776.570
      14.397        0.000      730.219      776.570
      14.428        0.000      730.523      776.570
      14.460        0.000      730.750      776.570
      14.491        0.000      730.906      776.570
      14.522        0.000      731.062      776.570
      14.558        0.000      731.176      776.570
      14.582        0.000      731.250      776.570
      14.613        0.000      731.379      776.570
      14.644        0.000      731.469      776.570
      14.676        0.000      731.551      776.570
      14.707        0.000      731.637      776.570
      14.738        0.000      731.785      776.570
      14.769        0.000      731.910      776.570
      14.801        0.000      732.008      776.570
      14.832        0.000      732.188      776.570
      14.863        0.000      732.293      776.570
      14.894        0.000      732.375      776.570
      14.926        0.000      732.492      776.570
      14.957        0.000      732.617      776.570
      14.988        0.000      732.707      776.570
      15.024        0.000      732.820      776.570
      15.068        0.000      732.965      776.570
      15.099        0.000      733.074      776.570
      15.130        0.000      733.164      776.570
      15.162        0.000      733.223      776.570
      15.193        0.000      733.320      776.570
      15.224        0.000      733.438      776.570
      15.255        0.000      733.562      776.570
      15.287        0.000      733.652      776.570
      15.318        0.000      733.711      776.570
      15.349        0.000      733.801      776.570
      15.380        0.000      733.859      776.570
      15.412        0.000      733.949      776.570
      15.443        0.000      734.020      776.570
      15.474        0.000      734.102      776.570
      15.505        0.000      734.199      776.570
      15.537        0.000      734.223      776.570
      15.569        0.000      734.309      776.570
      15.600        0.000      734.309      776.570
      15.632        0.000      734.312      776.570
      15.663        0.000      734.332      776.570
      15.694        0.000      734.426      776.570
      15.725        0.000      734.605      776.570
      15.757        0.000      734.758      776.570
      15.788        0.000      734.898      776.570
      15.819        0.000      735.078      776.570
      15.850        0.000      735.238      776.570
      15.882        0.000      735.238      776.570
      15.913        0.000      735.379      776.570
      15.944        0.000      735.523      776.570
      15.975        0.000      735.605      776.570
      16.007        0.000      735.605      776.570
      16.038        0.000      735.605      776.570
      16.066        0.000      735.641      776.570
      16.098        0.000      735.680      776.570
      16.129        0.000      735.723      776.570
      16.160        0.000      735.801      776.570
      16.192        0.000      735.879      776.570
      16.223        0.000      735.926      776.570
      16.254        0.000      735.949      776.570
      16.285        0.000      736.031      776.570
      16.317        0.000      736.082      776.570
      16.348        0.000      736.148      776.570
      16.379        0.000      736.254      776.570
      16.410        0.000      736.336      776.570
      16.442        0.000      736.395      776.570
      16.473        0.000      736.570      776.570
      16.504        0.000      736.684      776.570
      16.540        0.000      736.816      776.570
      16.568        0.000      736.984      776.570
      16.599        0.000      737.168      776.570
      16.631        0.000      737.359      776.570
      16.662        0.000      737.500      776.570
      16.693        0.000      737.613      776.570
      16.724        0.000      737.738      776.570
      16.755        0.000      737.832      776.570
      16.787        0.000      737.965      776.570
      16.818        0.000      738.047      776.570
      16.849        0.000      738.141      776.570
      16.880        0.000      738.266      776.570
      16.912        0.000      738.297      776.570
      16.943        0.000      738.371      776.570
      16.974        0.000      738.594      776.570
      17.005        0.000      738.898      776.570
      17.037        0.000      739.086      776.570
      17.069        0.000      739.273      776.570
      17.100        0.000      739.504      776.570
      17.132        0.000      739.617      776.570
      17.163        0.000      739.852      776.570
      17.194        0.000      740.105      776.570
      17.225        0.000      740.289      776.570
      17.257        0.000      740.477      776.570
      17.288        0.000      740.676      776.570
      17.316        0.000      740.840      776.570
      17.348        0.000      740.965      776.570
      17.379        0.000      741.098      776.570
      17.410        0.000      741.195      776.570
      17.441        0.000      741.340      776.570
      17.473        0.000      741.473      776.570
      17.504        0.000      741.605      776.570
      17.535        0.000      741.734      776.570
      17.584        0.000      741.934      776.570
      17.615        0.000      742.008      776.570
      17.646        0.000      742.180      776.570
      17.677        0.000      742.285      776.570
      17.708        0.000      742.449      776.570
      17.740        0.000      742.555      776.570
      17.771        0.000      742.641      776.570
      17.802        0.000      742.730      776.570
      17.833        0.000      742.797      776.570
      17.865        0.000      742.848      776.570
      17.896        0.000      742.961      776.570
      17.927        0.000      743.098      776.570
      17.958        0.000      743.199      776.570
      17.990        0.000      743.316      776.570
      18.021        0.000      743.418      776.570
      18.053        0.000      743.523      776.570
      18.085        0.000      743.605      776.570
      18.116        0.000      743.723      776.570
      18.147        0.000      743.828      776.570
      18.179        0.000      743.867      776.570
      18.210        0.000      743.895      776.570
      18.241        0.000      743.996      776.570
      18.272        0.000      744.242      776.570
      18.304        0.000      744.402      776.570
      18.335        0.000      744.516      776.570
      18.366        0.000      744.633      776.570
      18.397        0.000      744.754      776.570
      18.429        0.000      744.879      776.570
      18.460        0.000      745.000      776.570
      18.491        0.000      745.137      776.570
      18.522        0.000      745.234      776.570
      18.554        0.000      745.332      776.570
      18.582        0.000      745.457      776.570
      18.613        0.000      745.574      776.570
      18.645        0.000      745.723      776.570
      18.676        0.000      745.840      776.570
      18.707        0.000      745.914      776.570
      18.738        0.000      746.039      776.570
      18.770        0.000      746.164      776.570
      18.801        0.000      746.289      776.570
      18.832        0.000      746.375      776.570
      18.863        0.000      746.445      776.570
      18.895        0.000      746.625      776.570
      18.926        0.000      746.820      776.570
      18.957        0.000      746.992      776.570
      18.988        0.000      747.137      776.570
      19.020        0.000      747.281      776.570
      19.052        0.000      747.430      776.570
      19.083        0.000      747.535      776.570
      19.115        0.000      747.699      776.570
      19.146        0.000      747.832      776.570
      19.177        0.000      747.984      776.570
      19.208        0.000      748.086      776.570
      19.240        0.000      748.203      776.570
      19.271        0.000      748.316      776.570
      19.302        0.000      748.461      776.570
      19.333        0.000      748.605      776.570
      19.365        0.000      748.758      776.570
      19.396        0.000      748.906      776.570
      19.427        0.000      749.000      776.570
      19.458        0.000      749.113      776.570
      19.490        0.000      749.289      776.570
      19.521        0.000      749.395      776.570
      19.553        0.000      749.488      776.570
      19.585        0.000      749.574      776.570
      19.616        0.000      749.695      776.570
      19.647        0.000      749.801      776.570
      19.678        0.000      749.910      776.570
      19.709        0.000      749.996      776.570
      19.741        0.000      750.098      776.570
      19.772        0.000      750.207      776.570
      19.803        0.000      750.324      776.570
      19.834        0.000      750.441      776.570
      19.866        0.000      750.570      776.570
      19.897        0.000      750.664      776.570
      19.928        0.000      750.750      776.570
      19.959        0.000      750.840      776.570
      19.991        0.000      750.996      776.570
      20.022        0.000      751.086      776.570
      20.054        0.000      751.203      776.570
      20.082        0.000      751.305      776.570
      20.113        0.000      751.426      776.570
      20.144        0.000      751.520      776.570
      20.176        0.000      751.660      776.570
      20.207        0.000      751.781      776.570
      20.238        0.000      751.895      776.570
      20.269        0.000      751.984      776.570
      20.300        0.000      752.117      776.570
      20.332        0.000      752.215      776.570
      20.363        0.000      752.336      776.570
      20.394        0.000      752.387      776.570
      20.425        0.000      752.480      776.570
      20.457        0.000      752.535      776.570
      20.488        0.000      752.605      776.570
      20.519        0.000      752.699      776.570
      20.551        0.000      752.758      776.570
      20.583        0.000      752.832      776.570
      20.614        0.000      752.887      776.570
      20.645        0.000      752.961      776.570
      20.677        0.000      752.988      776.570
      20.708        0.000      753.027      776.570
      20.739        0.000      753.094      776.570
      20.770        0.000      753.156      776.570
      20.802        0.000      753.219      776.570
      20.833        0.000      753.234      776.570
      20.864        0.000      753.234      776.570
      20.895        0.000      753.234      776.570
      20.927        0.000      753.234      776.570
      20.958        0.000      753.234      776.570
      20.989        0.000      753.234      776.570
      21.020        0.000      753.234      776.570
      21.056        0.000      753.234      776.570
      21.084        0.000      753.234      776.570
      21.116        0.000      753.234      776.570
      21.147        0.000      753.234      776.570
      21.178        0.000      753.234      776.570
      21.209        0.000      753.234      776.570
      21.241        0.000      753.234      776.570
      21.272        0.000      753.234      776.570
      21.303        0.000      753.234      776.570
      21.334        0.000      753.234      776.570
      21.365        0.000      753.234      776.570
      21.397        0.000      753.234      776.570
      21.428        0.000      753.234      776.570
      21.459        0.000      753.234      776.570
      21.490        0.000      753.234      776.570
      21.522        0.000      753.234      776.570
      21.566        0.000      753.234      776.570
      21.597        0.000      753.234      776.570
      21.629        0.000      753.234      776.570
      21.660        0.000      753.234      776.570
      21.691        0.000      753.234      776.570
      21.722        0.000      753.234      776.570
      21.754        0.000      753.234      776.570
      21.785        0.000      753.234      776.570
      21.816        0.000      753.234      776.570
      21.847        0.000      753.234      776.570
      21.879        0.000      753.234      776.570
      21.910        0.000      753.234      776.570
      21.941        0.000      753.234      776.570
      21.972        0.000      753.234      776.570
      22.004        0.000      753.234      776.570
      22.035        0.000      753.234      776.570
      22.067        0.000      753.234      776.570
      22.099        0.000      753.234      776.570
      22.130        0.000      753.234      776.570
      22.161        0.000      753.234      776.570
      22.192        0.000      753.234      776.570
      22.224        0.000      753.234      776.570
      22.255        0.000      753.234      776.570
      22.286        0.000      753.234      776.570
      22.317        0.000      753.234      776.570
      22.348        0.000      753.234      776.570
      22.380        0.000      753.234      776.570
      22.411        0.000      753.234      776.570
      22.442        0.000      753.234      776.570
      22.473        0.000      753.234      776.570
      22.505        0.000      753.234      776.570
      22.536        0.000      753.234      776.570
      22.564        0.000      753.234      776.570
      22.600        0.000      753.234      776.570
      22.631        0.000      727.191      750.535
      22.662        0.000      727.191      750.535
      22.694        0.000      727.191      750.535
      22.725        0.000      715.754      862.441
      22.756        0.000      762.707      862.441
      22.787        0.000      818.250      862.441
      22.819        0.000      840.980      864.508
      22.850        0.000      840.980      864.508
      22.881        0.000      840.980      864.508
      22.912        0.000      876.102     1140.730
      22.944        0.000      929.363     1140.730
      22.975        0.000      984.707     1140.730
      23.006        0.000     1038.895     1140.730
      23.037        0.000     1084.848     1140.730
      23.081        0.000     1122.691     1146.934
      23.113        0.000     1122.691     1146.934
      23.144        0.000     1122.691     1146.934
      23.175        0.000     1191.570     1423.160
      23.206        0.000     1294.445     1423.160
      23.238        0.000     1390.508     1423.160
      23.269        0.000     1494.445     1563.371
      23.300        0.000     1552.301     1577.836
      23.331        0.000     1552.301     1577.836
      23.363        0.000     1552.301     1577.836
      23.394        0.000     1314.426     1577.836
      23.425        0.000     1126.715     1151.070
      23.456        0.000     1152.258     1289.215
      23.488        0.000     1199.457     1289.215
      23.519        0.000     1238.172     1289.215
      23.547        0.000     1281.879     1567.500
      23.583        0.000     1346.086     1567.500
      23.611        0.000     1394.395     1567.500
      23.642        0.000     1454.512     1567.500
      23.673        0.000     1492.609     1567.500
      23.704        0.000     1541.230     1567.500
      23.736        0.000     1238.883     1423.531
      23.767        0.000     1122.742     1147.316
      23.798        0.000     1122.742     1147.316
      23.829        0.000     1122.742     1147.316
      23.861        0.000     1122.742     1147.316
      23.892        0.000     1122.742     1147.316
      23.923        0.000     1122.742     1147.316
      23.954        0.000     1122.742     1147.316
      23.986        0.000     1122.742     1147.316
      24.017        0.000     1130.805     1171.492
      24.049        0.000     1130.805     1171.492
      24.081        0.000     1130.809     1171.492
      24.112        0.000     1132.043     1171.492
      24.143        0.000     1130.840     1155.457
      24.175        0.000     1131.602     1157.520
      24.203        0.000     1142.910     1167.730
      24.239        0.000     1144.879     1169.793
      24.279        0.000     1144.848     1169.793
      24.319        0.000     1015.812     1159.465
      24.351        0.000      797.812     1019.258
      24.382        0.000      685.152      708.605
      24.413        0.000      703.957      727.273
      24.453        0.000      592.516      613.629
      24.485        0.000      340.328      503.641
      24.531        0.000        4.551        3.539
