# Elapsed time   CPU (%)     Real (MB)   Virtual (MB)
       0.000        0.000       11.152        7.324
       0.026        0.000       12.961        8.559
       0.049        0.000       15.586       10.820
       0.071        0.000       17.105       12.457
       0.094        0.000       19.574       14.496
       0.118        0.000       21.133       15.680
       0.141        0.000       23.621       17.691
       0.164        0.000       25.668       21.734
       0.189        0.000       28.367       24.355
       0.215        0.000       29.629       25.574
       0.242        0.000       31.902       27.676
       0.268        0.000       33.949       29.320
       0.291        0.000       35.965       30.707
       0.315        0.000       37.305       31.789
       0.339        0.000       38.504       32.949
       0.363        0.000       39.297       33.488
       0.391        0.000       39.773       34.000
       0.414        0.000       40.086       34.250
       0.437        0.000       40.754       34.980
       0.460        0.000       41.797       36.102
       0.483        0.000       42.840       37.035
       0.506        0.000       43.812       38.344
       0.530        0.000       48.660       57.262
       0.557        0.000       52.797       57.262
       0.584        0.000       56.930       57.262
       0.607        0.000       61.066       57.262
       0.630        0.000       64.523       59.996
       0.656        0.000       71.656       68.020
       0.678        0.000       84.320      108.883
       0.702        0.000       83.828      115.004
       0.729        0.000      100.191      114.984
       0.755        0.000      105.051      108.965
       0.783        0.000      119.836      131.008
       0.806        0.000      121.309      133.660
       0.835        0.000      155.617      152.074
       0.859        0.000      190.074      188.902
       0.882        0.000      177.461      208.570
       0.910        0.000      208.480      231.867
       0.932        0.000      238.262      254.406
       0.955        0.000      268.586      277.199
       0.978        0.000      288.508      292.230
       1.004        0.000      319.805      315.777
       1.028        0.000      345.891      373.398
       1.051        0.000      363.035      387.176
       1.074        0.000      395.516      413.227
       1.097        0.000      428.941      440.277
       1.120        0.000      461.676      466.582
       1.143        0.000      494.668      493.133
       1.166        0.000      527.516      556.262
       1.189        0.000      560.133      582.562
       1.212        0.000      591.297      607.613
       1.235        0.000      624.332      634.164
       1.258        0.000      656.383      659.965
       1.281        0.000      681.188      679.754
       1.308        0.000      703.609      729.359
       1.331        0.000      716.375      729.359
       1.354        0.000      728.672      729.359
       1.376        0.000      741.133      766.188
       1.400        0.000      753.688      766.188
       1.422        0.000      766.121      766.188
       1.445        0.000      779.676      803.020
       1.468        0.000      794.156      803.020
       1.490        0.000      806.820      803.020
       1.513        0.000      821.699      961.273
       1.538        0.000      855.246      961.273
       1.561        0.000      886.340      961.273
       1.584        0.000      888.492      961.273
       1.607        0.000      890.602      961.273
       1.631        0.000      891.734      961.273
       1.654        0.000      891.734      961.273
       1.676        0.000      891.734      961.273
       1.698        0.000      906.984      961.273
       1.722        0.000      942.082      961.273
       1.747        0.000      922.633      961.273
       1.771        0.000      763.129      758.883
       1.796        0.000      711.129      706.531
       1.823        0.000      657.629      652.926
       1.851        0.000      574.621      570.008
       1.879        0.000      529.371      524.668
       1.904        0.000      483.371      478.328
       1.928        0.000      423.871      435.496
       1.952        0.000      373.363      368.109
       1.978        0.000      332.863      327.781
       2.002        0.000      292.613      287.207
       2.026        0.000      131.637      129.168
       2.052        0.000      135.910      135.926
       2.078        0.000      135.910      135.926
       2.103        0.000      135.910      135.926
       2.127        0.000      135.910      135.926
       2.153        0.000      135.910      135.926
       2.178        0.000      136.000      136.004
       2.205        0.000      162.711      183.770
       2.233        0.000      193.137      194.707
       2.261        0.000      217.785      312.828
       2.284        0.000      241.727      312.828
       2.308        0.000      278.516      312.828
       2.337        0.000      280.508      312.828
       2.361        0.000      280.508      312.828
       2.385        0.000      280.508      312.828
       2.408        0.000      280.508      312.828
       2.435        0.000      280.547      312.828
       2.459        0.000      283.133      312.828
       2.482        0.000      284.777      312.828
       2.506        0.000      286.008      312.828
       2.530        0.000      287.742      312.828
       2.555        0.000      289.488      312.828
       2.579        0.000      291.059      312.828
       2.602        0.000      292.539      312.828
       2.626        0.000      294.250      312.828
       2.650        0.000      296.023      312.828
       2.673        0.000      297.867      312.828
       2.697        0.000      299.137      312.828
       2.720        0.000      300.254      312.828
       2.745        0.000      301.480      312.828
       2.769        0.000      301.613      312.828
       2.793        0.000      301.613      312.828
       2.817        0.000      301.613      312.828
       2.842        0.000      301.613      312.828
       2.865        0.000      301.613      312.828
       2.889        0.000      301.613      312.828
       2.912        0.000      301.613      312.828
       2.936        0.000      301.613      312.828
       2.960        0.000      301.613      312.828
       2.984        0.000      301.613      312.828
       3.008        0.000      301.613      312.828
       3.032        0.000      301.613      312.828
       3.059        0.000      301.613      312.828
       3.084        0.000      294.723      307.363
       3.109        0.000      249.215      281.469
       3.137        0.000      255.305      281.469
       3.162        0.000      269.168      281.469
       3.189        0.000      288.777      308.086
       3.214        0.000      302.344      308.086
       3.238        0.000      302.355      308.086
       3.265        0.000      302.359      308.086
       3.288        0.000      249.227      254.848
       3.314        0.000      249.227      254.848
       3.339        0.000      254.688      281.469
       3.364        0.000      259.062      281.469
       3.388        0.000      273.773      281.469
       3.411        0.000      292.645      308.086
       3.437        0.000      302.523      340.582
       3.467        0.000      318.719      340.582
       3.490        0.000      332.363      340.582
       3.513        0.000      278.555      287.348
       3.538        0.000      275.789      318.715
       3.561        0.000      287.727      318.715
       3.585        0.000      304.422      318.715
       3.609        0.000      323.465      366.484
       3.633        0.000      346.020      366.484
       3.657        0.000      321.059      339.871
       3.682        0.000      327.527     2107.621
       3.709        0.000      342.645     2117.516
       3.737        0.000      351.027     2117.516
       3.764        0.000      361.141     2117.516
       3.792        0.000      377.285     2117.516
       3.820        0.000      386.891     2123.652
       3.849        0.000      389.820     2125.543
       3.878        0.000      397.984     2125.543
       3.903        0.000      406.887     2125.543
       3.930        0.000      416.160     2125.543
       3.956        0.000      427.742     2125.543
       3.980        0.000      433.816     2125.543
       4.005        0.000      437.035     2125.543
       4.033        0.000      446.223     2125.543
       4.060        0.000      452.727     2125.543
       4.087        0.000      461.539     2125.543
       4.115        0.000      472.316     2125.543
       4.142        0.000      483.508     2125.543
       4.170        0.000      490.750     2125.543
       4.195        0.000      500.188     2125.543
       4.222        0.000      505.855     2125.543
       4.246        0.000      513.457     2125.543
       4.273        0.000      520.914     2125.543
       4.298        0.000      523.141     2125.543
       4.326        0.000      532.148     2125.543
       4.354        0.000      541.957     2125.543
       4.380        0.000      555.922     2125.543
       4.409        0.000      558.168     2125.543
       4.439        0.000      558.172     2125.543
       4.464        0.000      570.371     2125.543
       4.489        0.000      571.551     2125.543
       4.518        0.000      571.551     2125.543
       4.548        0.000      586.328     2125.543
       4.578        0.000      586.336     2125.543
       4.603        0.000      586.359     2125.629
       4.634        0.000      592.828     2125.629
       4.661        0.000      601.344     2125.629
       4.689        0.000      610.512     2125.629
       4.716        0.000      620.230     2125.629
       4.744        0.000      629.117     2125.629
       4.770        0.000      639.977     2125.629
       4.800        0.000      651.219     2125.629
       4.823        0.000      651.270     2125.629
       4.851        0.000      651.270     2125.629
       4.880        0.000      658.852     2125.629
       4.904        0.000      669.625     2125.629
       4.934        0.000      677.152     2125.629
       4.960        0.000      687.902     2125.629
       4.988        0.000      696.258     2125.629
       5.012        0.000      703.066     2125.629
       5.036        0.000      710.953     2125.629
       5.065        0.000      720.551     2125.629
       5.093        0.000      726.391     2125.629
       5.121        0.000      731.539     2125.629
       5.144        0.000      731.609     2125.629
       5.175        0.000      736.891     2125.629
       5.201        0.000      745.332     2125.629
       5.229        0.000      753.941     2125.629
       5.255        0.000      759.012     2125.629
       5.279        0.000      768.918     2125.629
       5.307        0.000      778.801     2125.629
       5.332        0.000      788.770     2125.629
       5.362        0.000      800.332     2125.629
       5.392        0.000      800.340     2125.629
       5.422        0.000      807.797     2125.629
       5.446        0.000      815.648     2125.629
       5.473        0.000      825.559     2125.629
       5.498        0.000      832.719     2125.629
       5.527        0.000      841.695     2125.629
       5.554        0.000      847.793     2125.629
       5.578        0.000      856.730     2125.629
       5.603        0.000      863.520     2125.629
       5.630        0.000      872.000     2125.629
       5.658        0.000      880.555     2125.629
       5.682        0.000      887.570     2125.629
       5.705        0.000      895.277     2125.629
       5.733        0.000      904.777     2125.629
       5.762        0.000      912.688     2125.629
       5.788        0.000      923.996     2125.629
       5.815        0.000      927.449     2125.629
       5.840        0.000      937.961     2125.629
       5.868        0.000      945.164     2125.629
       5.897        0.000      950.586     2125.629
       5.927        0.000      952.230     2125.629
       5.955        0.000      960.988     2125.629
       5.983        0.000      969.535     2125.629
       6.010        0.000      978.301     2125.629
       6.036        0.000      987.434     2125.629
       6.063        0.000      991.875     2125.629
       6.091        0.000      998.980     2125.629
       6.121        0.000     1014.562     2125.629
       6.149        0.000     1014.738     2125.629
       6.179        0.000     1014.758     2125.629
       6.208        0.000     1014.762     2125.629
       6.237        0.000     1036.309     2125.629
       6.265        0.000     1038.648     2125.629
       6.295        0.000     1038.648     2125.629
       6.324        0.000     1038.922     2125.629
       6.354        0.000     1039.035     2125.629
       6.382        0.000     1066.152     2125.629
       6.410        0.000     1069.266     2125.629
       6.439        0.000     1069.266     2125.629
       6.468        0.000     1069.266     2125.629
       6.497        0.000     1069.707     2125.629
       6.526        0.000     1069.707     2125.629
       6.555        0.000     1067.637     2125.629
       6.579        0.000     1069.633     2125.648
       6.611        0.000     1090.109     2125.648
       6.640        0.000     1094.746     2125.648
       6.666        0.000     1094.848     2125.648
       6.695        0.000     1094.848     2125.648
       6.721        0.000     1094.871     2125.648
       6.750        0.000     1094.902     2125.648
       6.780        0.000     1094.906     2125.648
       6.808        0.000     1094.961     2125.648
       6.834        0.000     1094.996     2125.848
       6.863        0.000     1102.340     2125.848
       6.890        0.000     1121.414     2125.848
       6.915        0.000     1121.414     2125.848
       6.939        0.000     1121.531     2125.848
       6.968        0.000     1121.582     2125.848
       6.995        0.000     1121.582     2125.848
       7.020        0.000     1121.582     2125.848
       7.046        0.000     1121.582     2125.848
       7.073        0.000     1121.582     2125.848
       7.102        0.000     1121.598     2125.848
       7.131        0.000     1121.879     2126.203
       7.159        0.000     1121.879     2126.203
       7.187        0.000     1154.648     2126.203
       7.216        0.000     1155.758     2126.203
       7.242        0.000     1158.621     2126.203
       7.266        0.000     1158.621     2126.203
       7.294        0.000     1158.621     2126.203
       7.325        0.000     1158.621     2126.203
       7.354        0.000     1158.621     2126.203
       7.379        0.000     1158.793     2126.203
       7.408        0.000     1158.793     2126.203
       7.439        0.000     1158.793     2126.203
       7.468        0.000     1155.578     2126.379
       7.495        0.000     1159.039     2126.379
       7.524        0.000     1167.570     2126.379
       7.553        0.000     1190.008     2126.379
       7.582        0.000     1190.289     2126.379
       7.611        0.000     1190.289     2126.379
       7.639        0.000     1190.305     2126.379
       7.669        0.000     1190.348     2126.379
       7.693        0.000     1190.348     2126.379
       7.717        0.000     1190.348     2126.379
       7.746        0.000     1190.348     2126.379
       7.775        0.000     1190.348     2126.379
       7.801        0.000     1190.559     2126.625
       7.830        0.000     1192.316     2126.625
       7.859        0.000     1201.812     2126.625
       7.884        0.000     1213.797     2126.625
       7.913        0.000     1217.367     2126.625
       7.937        0.000     1226.332     2126.625
       7.961        0.000     1233.711     2126.625
       7.986        0.000     1241.090     2126.625
       8.013        0.000     1247.934     2126.625
       8.037        0.000     1255.457     2126.625
       8.063        0.000     1264.004     2126.625
       8.090        0.000     1270.676     2126.625
       8.118        0.000     1280.625     2126.625
       8.145        0.000     1284.500     2126.625
       8.174        0.000     1289.645     2126.625
       8.203        0.000     1300.785     2126.625
       8.233        0.000     1303.227     2126.625
       8.259        0.000     1316.887     2126.625
       8.288        0.000     1316.887     2126.625
       8.318        0.000     1316.887     2126.625
       8.348        0.000     1319.574     2126.625
       8.376        0.000     1329.125     2126.625
       8.403        0.000     1340.742     2126.625
       8.431        0.000     1345.961     2126.625
       8.459        0.000     1353.820     2126.625
       8.483        0.000     1360.641     2126.625
       8.507        0.000     1371.527     2126.625
       8.533        0.000     1376.449     2126.625
       8.557        0.000     1385.676     2126.625
       8.581        0.000     1387.680     2126.625
       8.604        0.000     1387.680     2126.625
       8.630        0.000     1387.680     2126.625
       8.655        0.000     1394.605     2126.625
       8.679        0.000     1403.383     2126.625
       8.708        0.000     1412.754     2126.625
       8.734        0.000     1423.148     2126.625
       8.763        0.000     1428.297     2126.625
       8.789        0.000     1436.000     2126.625
       8.813        0.000     1444.812     2126.625
       8.841        0.000     1454.887     2126.625
       8.868        0.000     1460.188     2126.625
       8.893        0.000     1467.355     2126.625
       8.923        0.000     1482.609     2126.625
       8.948        0.000     1482.609     2126.625
       8.974        0.000     1482.621     2126.625
       9.000        0.000     1482.621     2126.625
       9.024        0.000     1486.148     2126.625
       9.053        0.000     1494.492     2126.625
       9.082        0.000     1506.902     2126.625
       9.110        0.000     1509.770     2126.625
       9.139        0.000     1521.246     2126.625
       9.166        0.000     1525.855     2126.625
       9.194        0.000     1534.086     2126.625
       9.222        0.000     1542.477     2126.625
       9.249        0.000     1550.156     2126.625
       9.276        0.000     1559.652     2126.625
       9.305        0.000     1566.223     2126.625
       9.335        0.000     1569.676     2126.625
       9.363        0.000     1578.488     2126.625
       9.390        0.000     1585.898     2126.625
       9.415        0.000     1593.262     2126.625
       9.441        0.000     1601.047     2126.625
       9.470        0.000     1611.285     2126.625
       9.498        0.000     1620.250     2126.625
       9.523        0.000     1627.332     2126.625
       9.552        0.000     1633.766     2126.625
       9.580        0.000     1643.594     2126.625
       9.603        0.000     1649.227     2126.625
       9.628        0.000     1654.469     2126.625
       9.654        0.000     1655.562     2126.625
       9.683        0.000     1663.305     2126.625
       9.713        0.000     1667.254     2126.625
       9.740        0.000     1676.586     2126.625
       9.768        0.000     1686.793     2126.625
       9.795        0.000     1693.559     2126.625
       9.823        0.000     1705.348     2126.625
       9.849        0.000     1709.859     2126.625
       9.874        0.000     1716.844     2126.625
       9.903        0.000     1721.387     2126.625
       9.930        0.000     1731.125     2126.625
       9.958        0.000     1739.648     2126.625
       9.983        0.000     1754.285     2126.625
      10.008        0.000     1754.285     2126.625
      10.037        0.000     1754.285     2126.625
      10.066        0.000     1770.469     2126.625
      10.094        0.000     1771.504     2126.625
      10.123        0.000     1771.504     2126.625
      10.153        0.000     1771.504     2126.625
      10.181        0.000     1771.504     2126.625
      10.213        0.000     1771.508     2126.625
      10.242        0.000     1787.820     2126.625
      10.270        0.000     1787.820     2126.625
      10.299        0.000     1787.820     2126.625
      10.327        0.000     1787.820     2126.625
      10.356        0.000     1787.820     2126.625
      10.386        0.000     1809.312     2126.625
      10.414        0.000     1814.148     2126.625
      10.444        0.000     1814.148     2126.625
      10.473        0.000     1814.148     2126.625
      10.502        0.000     1814.148     2126.625
      10.531        0.000     1814.148     2126.625
      10.556        0.000     1814.148     2126.625
      10.584        0.000     1814.148     2126.625
      10.613        0.000     1840.641     2126.625
      10.641        0.000     1841.613     2126.625
      10.669        0.000     1841.613     2126.625
      10.698        0.000     1841.617     2126.625
      10.729        0.000     1841.617     2126.625
      10.759        0.000     1841.617     2126.625
      10.788        0.000     1841.617     2126.625
      10.817        0.000     1841.617     2126.625
      10.847        0.000     1841.617     2126.625
      10.876        0.000     1863.809     2126.625
      10.903        0.000     1870.852     2126.625
      10.932        0.000     1870.855     2126.625
      10.957        0.000     1870.855     2126.625
      10.985        0.000     1870.855     2126.625
      11.009        0.000     1870.855     2126.625
      11.039        0.000     1870.855     2126.625
      11.068        0.000     1870.855     2126.625
      11.096        0.000     1870.855     2126.625
      11.125        0.000     1870.785     2126.746
      11.154        0.000     1870.785     2126.746
      11.182        0.000     1885.320     2126.746
      11.209        0.000     1899.594     2126.746
      11.238        0.000     1899.645     2126.746
      11.266        0.000     1899.645     2126.746
      11.293        0.000     1899.645     2126.746
      11.321        0.000     1899.645     2126.746
      11.350        0.000     1899.645     2126.746
      11.374        0.000     1899.645     2126.746
      11.399        0.000     1899.645     2126.746
      11.425        0.000     1899.645     2126.746
      11.454        0.000     1899.645     2126.746
      11.479        0.000     1899.645     2126.746
      11.504        0.000     1899.727     2126.816
      11.528        0.000     1899.727     2126.816
      11.556        0.000     1933.535     2126.816
      11.583        0.000     1979.449     2126.816
      11.611        0.000     2016.660     2126.816
      11.638        0.000     2041.926     2128.809
      11.667        0.000     2062.152     2128.809
      11.697        0.000     2062.152     2128.809
      11.725        0.000     2062.152     2128.809
      11.754        0.000     2062.152     2128.809
      11.782        0.000     2062.152     2128.809
      11.810        0.000     2062.152     2128.809
      11.839        0.000     2062.152     2128.809
      11.866        0.000     2062.152     2128.809
      11.892        0.000     2062.676     2128.809
      11.922        0.000     2063.234     2128.809
      11.954        0.000     2063.234     2128.809
      11.982        0.000     2063.234     2128.809
      12.013        0.000     2063.234     2128.809
      12.043        0.000     2063.328     2128.809
      12.073        0.000     2063.551     2128.809
      12.100        0.000     2067.703     2128.809
      12.128        0.000     2071.281     2128.809
      12.156        0.000     2071.281     2128.809
      12.187        0.000     2071.281     2128.809
      12.216        0.000     2071.281     2128.809
      12.245        0.000     2071.281     2128.809
      12.273        0.000     2071.281     2128.809
      12.307        0.000     2071.281     2128.809
      12.336        0.000     2071.281     2128.809
      12.365        0.000     2071.289     2128.809
      12.393        0.000     2071.289     2128.809
      12.418        0.000     2071.289     2128.809
      12.442        0.000     2071.289     2128.809
      12.473        0.000     2071.289     2128.809
      12.503        0.000     2071.289     2128.809
      12.527        0.000     2071.289     2128.809
      12.553        0.000     2071.289     2128.809
      12.577        0.000     2071.605     2128.809
      12.602        0.000     2071.605     2128.809
      12.627        0.000     2071.605     2128.809
      12.651        0.000     2071.605     2128.809
      12.681        0.000     2071.891     2128.809
      12.710        0.000     2071.891     2128.809
      12.734        0.000     2071.891     2128.809
      12.758        0.000     2071.891     2128.809
      12.787        0.000     2071.891     2128.809
      12.817        0.000     2071.891     2128.809
      12.846        0.000     2071.891     2128.809
      12.876        0.000     2071.891     2128.809
      12.900        0.000     2071.891     2128.809
      12.924        0.000     2071.891     2128.809
      12.948        0.000     2071.891     2128.809
      12.978        0.000     2071.891     2128.809
      13.007        0.000     2071.891     2128.809
      13.036        0.000     2071.891     2128.809
      13.061        0.000     2071.891     2128.809
      13.085        0.000     2071.891     2128.809
      13.112        0.000     2071.891     2128.809
      13.142        0.000     1991.430     2048.496
      13.170        0.000     1928.887     1985.770
      13.199        0.000     1928.891     1985.770
      13.227        0.000     1928.891     1985.770
      13.253        0.000     1928.891     1985.770
      13.282        0.000     1928.891     1985.770
      13.309        0.000     1928.891     1985.770
      13.334        0.000     1928.891     1985.770
      13.358        0.000     1928.891     1985.770
      13.384        0.000     1928.891     1985.770
      13.411        0.000     1928.891     1985.770
      13.434        0.000     1928.906     1985.770
      13.471        0.000     1928.906     1985.770
      13.501        0.000     1928.906     1985.770
      13.532        0.000     1928.906     1985.770
      13.563        0.000     1928.906     1985.770
      13.591        0.000     1928.906     1985.770
      13.618        0.000     1928.906     1985.770
      13.644        0.000     1849.875     1924.953
      13.671        0.000     1641.875     1924.953
      13.698        0.000     1438.594     1924.953
      13.725        0.000     1229.543     1924.953
      13.751        0.000     1037.875     1924.953
      13.778        0.000      832.301     1924.953
      13.806        0.000      624.137     1924.953
      13.832        0.000      453.875     1924.953
      13.857        0.000      229.965     1924.953
      13.883        0.000      215.758      252.871
      13.913        0.000      205.602      242.340
      13.945        0.000      104.469      141.012
      13.980        0.000      101.773      138.266
      14.012        0.000        2.480        2.895
