# Elapsed time   CPU (%)     Real (MB)   Virtual (MB)
       0.001        0.000       11.203        7.367
       0.027        0.000       12.867        8.602
       0.053        0.000       14.938       10.344
       0.077        0.000       16.938       12.285
       0.104        0.000       18.824       13.895
       0.131        0.000       20.348       15.035
       0.155        0.000       22.191       17.035
       0.178        0.000       24.117       18.207
       0.202        0.000       26.738       22.488
       0.229        0.000       28.047       24.410
       0.256        0.000       29.566       25.637
       0.284        0.000       31.348       26.832
       0.307        0.000       33.699       29.137
       0.331        0.000       34.879       29.949
       0.356        0.000       36.512       31.184
       0.380        0.000       37.766       32.152
       0.404        0.000       38.738       33.223
       0.427        0.000       39.316       33.766
       0.451        0.000       39.785       34.051
       0.478        0.000       40.062       34.336
       0.502        0.000       40.633       35.074
       0.528        0.000       41.715       36.184
       0.553        0.000       42.512       36.797
       0.581        0.000       43.844       38.348
       0.608        0.000       48.516       46.383
       0.636        0.000       50.770       45.332
       0.660        0.000       53.859       59.637
       0.683        0.000       56.758       59.637
       0.706        0.000       59.773       59.637
       0.730        0.000       62.801       59.637
       0.758        0.000       65.516       59.637
       0.780        0.000       99.625       94.426
       0.809        0.000      111.152      115.184
       0.834        0.000      131.410      130.477
       0.863        0.000      157.074      164.223
       0.888        0.000      185.445      187.043
       0.913        0.000      209.531      206.582
       0.939        0.000      240.461      245.336
       0.962        0.000      262.262      262.871
       0.989        0.000      291.406      299.121
       1.013        0.000      298.668      299.121
       1.041        0.000      309.016      313.078
       1.064        0.000      319.777      327.035
       1.088        0.000      331.863      327.035
       1.112        0.000      360.812      384.023
       1.137        0.000      360.812      384.023
       1.161        0.000      360.812      384.023
       1.184        0.000      360.812      384.023
       1.207        0.000      360.812      384.023
       1.231        0.000      388.227      384.023
       1.259        0.000      293.215      288.191
       1.284        0.000      239.785      234.906
       1.311        0.000      184.332      187.062
       1.340        0.000      148.355      143.301
       1.367        0.000       75.059       75.285
       1.394        0.000       75.059       75.285
       1.418        0.000       75.059       75.285
       1.444        0.000       90.836       91.949
       1.471        0.000      110.578      119.125
       1.498        0.000      110.867      119.125
       1.525        0.000      111.578      119.125
       1.552        0.000      112.516      119.125
       1.580        0.000      113.352      119.125
       1.607        0.000      114.191      119.125
       1.634        0.000       98.270      105.707
       1.662        0.000      112.703      113.504
       1.687        0.000      101.438      105.707
       1.714        0.000      115.711      117.812
       1.739        0.000      110.777      114.879
       1.764        0.000      118.516      122.672
       1.791        0.000      127.582      519.879
       1.816        0.000      137.598      519.879
       1.844        0.000      146.672      530.074
       1.873        0.000      156.598      530.074
       1.900        0.000      165.340      530.074
       1.929        0.000      171.035      530.078
       1.956        0.000      178.918      531.180
       1.984        0.000      186.754      531.180
       2.012        0.000      194.496      531.180
       2.041        0.000      203.773      531.180
       2.070        0.000      212.535      531.559
       2.098        0.000      212.684      531.695
       2.127        0.000      222.355      531.695
       2.157        0.000      222.398      531.695
       2.188        0.000      228.641      531.695
       2.216        0.000      231.172      532.188
       2.244        0.000      240.320      532.188
       2.272        0.000      248.340      532.188
       2.301        0.000      252.059      532.188
       2.328        0.000      258.969      532.188
       2.358        0.000      270.211      532.188
       2.385        0.000      278.012      532.188
       2.415        0.000      286.621      532.188
       2.441        0.000      293.965      532.188
       2.470        0.000      300.938      532.188
       2.501        0.000      308.648      532.188
       2.529        0.000      314.125      532.188
       2.555        0.000      321.312      532.188
       2.583        0.000      330.484      532.188
       2.610        0.000      339.902      532.188
       2.640        0.000      342.770      532.188
       2.670        0.000      348.668      532.188
       2.697        0.000      353.879      532.188
       2.727        0.000      363.227      532.188
       2.755        0.000      370.969      532.188
       2.784        0.000      382.426      532.188
       2.812        0.000      389.234      532.203
       2.840        0.000      404.367      532.203
       2.868        0.000      404.859      532.203
       2.897        0.000      405.148      532.203
       2.927        0.000      405.148      532.203
       2.955        0.000      413.461      532.203
       2.983        0.000      413.492      532.203
       3.013        0.000      427.848      532.223
       3.043        0.000      427.867      532.223
       3.072        0.000      427.879      532.223
       3.102        0.000      431.449      532.398
       3.131        0.000      466.129      532.398
       3.157        0.000      487.562      533.508
       3.185        0.000      488.629      533.508
       3.211        0.000      488.629      533.508
       3.240        0.000      488.738      533.508
       3.267        0.000      488.793      533.508
       3.294        0.000      489.465      533.508
       3.322        0.000      491.230      533.508
       3.350        0.000      491.234      533.508
       3.380        0.000      491.234      533.508
       3.410        0.000      491.234      533.508
       3.440        0.000      491.234      533.508
       3.464        0.000      491.273      533.508
       3.494        0.000      441.980      482.242
       3.522        0.000      438.953      477.168
       3.549        0.000      438.969      477.168
       3.586        0.000      263.750      470.391
       3.615        0.000       93.688      130.004
       3.641        0.000       61.730       97.742
       3.669        0.000       61.445       97.480
       3.701        0.000        2.480        2.930
