# Elapsed time   CPU (%)     Real (MB)   Virtual (MB)
       0.000        0.000       11.930        7.543
       0.026        0.000       14.074        9.570
       0.051        0.000       15.820       10.980
       0.075        0.000       17.918       13.328
       0.100        0.000       19.820       14.520
       0.127        0.000       21.629       15.973
       0.150        0.000       23.699       17.711
       0.176        0.000       25.988       22.137
       0.199        0.000       28.422       24.375
       0.224        0.000       29.758       25.637
       0.250        0.000       32.484       28.328
       0.276        0.000       34.000       29.324
       0.299        0.000       36.207       30.750
       0.326        0.000       37.488       31.852
       0.350        0.000       38.520       32.922
       0.373        0.000       39.285       33.707
       0.397        0.000       39.754       33.973
       0.424        0.000       40.137       34.324
       0.452        0.000       40.699       35.008
       0.476        0.000       41.730       36.148
       0.499        0.000       42.625       37.035
       0.522        0.000       43.547       37.719
       0.547        0.000       45.348       39.520
       0.573        0.000       49.809       52.320
       0.598        0.000       54.188       51.355
       0.622        0.000       57.375       74.742
       0.648        0.000       60.457       74.742
       0.671        0.000       63.516       74.742
       0.695        0.000       66.422       74.742
       0.718        0.000       69.410       74.742
       0.741        0.000       72.387       74.742
       0.767        0.000       75.285       74.742
       0.790        0.000       78.172       74.742
       0.814        0.000       82.254       85.383
       0.836        0.000      118.418      132.566
       0.863        0.000      138.438      132.566
       0.885        0.000      154.816      165.648
       0.908        0.000      183.969      187.691
       0.931        0.000      212.535      209.262
       0.955        0.000      241.727      255.898
       0.979        0.000      274.062      281.699
       1.002        0.000      306.984      308.781
       1.024        0.000      340.199      335.586
       1.048        0.000      372.988      385.477
       1.071        0.000      399.930      407.016
       1.097        0.000      432.332      433.066
       1.120        0.000      461.801      478.949
       1.142        0.000      474.281      478.949
       1.165        0.000      486.801      502.539
       1.188        0.000      499.160      502.539
       1.211        0.000      512.602      526.129
       1.234        0.000      522.762      526.129
       1.259        0.000      534.941      622.375
       1.284        0.000      569.172      622.375
       1.308        0.000      579.742      622.375
       1.330        0.000      579.742      622.375
       1.353        0.000      579.742      622.375
       1.376        0.000      579.742      622.375
       1.398        0.000      579.742      622.375
       1.420        0.000      579.742      622.375
       1.443        0.000      579.742      622.375
       1.468        0.000      606.039      622.375
       1.491        0.000      577.285      573.812
       1.517        0.000      480.730      475.496
       1.546        0.000      437.980      432.660
       1.571        0.000      375.023      369.746
       1.595        0.000      330.188      324.656
       1.619        0.000      267.645      261.996
       1.642        0.000      225.895      220.414
       1.666        0.000      149.148      145.688
       1.689        0.000       95.602       95.348
       1.714        0.000       95.602       95.348
       1.740        0.000       95.602       95.348
       1.764        0.000       95.602       95.348
       1.788        0.000      118.531      121.336
       1.815        0.000      146.117      169.492
       1.842        0.000      155.668      169.492
       1.869        0.000      156.594      169.492
       1.895        0.000      157.062      169.492
       1.919        0.000      158.312      169.492
       1.942        0.000      159.320      169.492
       1.967        0.000      160.168      169.492
       1.991        0.000      160.949      169.492
       2.016        0.000      132.934      146.852
       2.041        0.000      149.469      160.066
       2.064        0.000      159.309      160.066
       2.087        0.000      136.602      146.832
       2.114        0.000      154.430      160.043
       2.138        0.000      167.070      168.094
       2.161        0.000      150.578      164.102
       2.185        0.000      170.395      189.578
       2.209        0.000      165.293      889.719
       2.234        0.000      181.219      925.676
       2.261        0.000      194.230      931.367
       2.286        0.000      199.102      936.910
       2.313        0.000      210.172      936.910
       2.337        0.000      219.594      936.910
       2.366        0.000      228.801      936.910
       2.396        0.000      236.117      938.879
       2.420        0.000      246.766      938.879
       2.447        0.000      257.297      938.879
       2.476        0.000      267.879      938.879
       2.503        0.000      275.656      938.879
       2.532        0.000      281.047      938.879
       2.562        0.000      288.086      938.879
       2.586        0.000      298.859      938.879
       2.615        0.000      298.957      938.879
       2.639        0.000      306.637      938.879
       2.664        0.000      306.668      938.879
       2.688        0.000      316.613      938.879
       2.712        0.000      328.672      938.879
       2.737        0.000      328.938      938.879
       2.766        0.000      329.129      938.980
       2.798        0.000      342.977      938.980
       2.825        0.000      367.230      938.980
       2.854        0.000      372.676      938.980
       2.883        0.000      372.676      938.980
       2.907        0.000      372.707      938.980
       2.932        0.000      372.707      938.980
       2.962        0.000      374.645      938.980
       2.990        0.000      374.664      938.980
       3.021        0.000      374.664      938.980
       3.050        0.000      374.664      938.980
       3.078        0.000      389.629      938.980
       3.105        0.000      389.629      938.980
       3.129        0.000      389.629      938.980
       3.158        0.000      389.629      938.980
       3.187        0.000      389.738      938.980
       3.217        0.000      391.695      938.980
       3.246        0.000      404.086      938.980
       3.274        0.000      413.430      938.980
       3.299        0.000      422.199      938.980
       3.325        0.000      434.191      938.980
       3.355        0.000      435.867      938.980
       3.384        0.000      441.160      938.980
       3.407        0.000      450.113      938.980
       3.430        0.000      458.102      938.980
       3.454        0.000      463.113      938.980
       3.479        0.000      471.676      938.980
       3.506        0.000      481.215      938.980
       3.532        0.000      492.227      938.980
       3.561        0.000      492.230      938.980
       3.590        0.000      500.230      938.980
       3.619        0.000      506.879      938.980
       3.645        0.000      518.832      938.980
       3.672        0.000      525.273      938.980
       3.700        0.000      532.812      938.980
       3.725        0.000      545.203      938.980
       3.754        0.000      561.422      938.980
       3.782        0.000      561.426      938.980
       3.813        0.000      561.426      938.980
       3.845        0.000      564.816      938.980
       3.873        0.000      572.809      938.980
       3.898        0.000      583.602      938.980
       3.924        0.000      593.121      938.980
       3.951        0.000      599.445      938.980
       3.980        0.000      615.078      938.980
       4.010        0.000      615.078      938.980
       4.039        0.000      622.992      938.980
       4.068        0.000      632.797      938.980
       4.096        0.000      643.305      938.980
       4.122        0.000      651.328      938.980
       4.151        0.000      658.949      938.980
       4.176        0.000      663.508      938.980
       4.206        0.000      671.195      938.980
       4.235        0.000      671.195      938.980
       4.263        0.000      686.781      938.980
       4.292        0.000      686.805      938.980
       4.321        0.000      686.809      938.980
       4.352        0.000      695.191      938.980
       4.380        0.000      702.586      938.980
       4.409        0.000      702.586      938.980
       4.439        0.000      702.586      938.980
       4.469        0.000      717.730      938.980
       4.494        0.000      726.016      938.980
       4.523        0.000      726.059      938.980
       4.550        0.000      726.059      938.980
       4.580        0.000      726.059      938.980
       4.609        0.000      726.059      938.980
       4.634        0.000      725.695      939.031
       4.663        0.000      743.957      939.031
       4.691        0.000      754.812      939.031
       4.716        0.000      754.934      939.031
       4.744        0.000      754.934      939.031
       4.773        0.000      754.934      939.031
       4.798        0.000      756.191      939.031
       4.827        0.000      756.195      939.031
       4.851        0.000      756.195      939.031
       4.876        0.000      756.211      939.031
       4.905        0.000      756.211      939.031
       4.933        0.000      756.211      939.031
       4.962        0.000      756.211      939.031
       4.990        0.000      768.387      939.031
       5.019        0.000      768.387      939.031
       5.047        0.000      768.387      939.031
       5.076        0.000      765.270      939.086
       5.103        0.000      793.012      939.086
       5.130        0.000      796.016      939.086
       5.159        0.000      796.016      939.086
       5.189        0.000      796.016      939.086
       5.219        0.000      796.016      939.086
       5.248        0.000      796.051      939.086
       5.278        0.000      796.055      939.086
       5.307        0.000      796.074      939.102
       5.335        0.000      797.105      939.102
       5.363        0.000      839.457      939.102
       5.392        0.000      882.660      940.559
       5.419        0.000      892.098      940.559
       5.447        0.000      892.098      940.559
       5.476        0.000      892.098      940.559
       5.505        0.000      892.098      940.559
       5.533        0.000      892.098      940.559
       5.566        0.000      892.098      940.559
       5.595        0.000      892.098      940.559
       5.624        0.000      892.098      940.559
       5.653        0.000      893.562      940.559
       5.682        0.000      895.844      940.559
       5.710        0.000      895.844      940.559
       5.739        0.000      895.898      940.559
       5.770        0.000      895.898      940.559
       5.799        0.000      895.898      940.559
       5.828        0.000      896.184      940.559
       5.856        0.000      896.184      940.559
       5.886        0.000      896.184      940.559
       5.909        0.000      896.184      940.559
       5.938        0.000      896.184      940.559
       5.967        0.000      896.184      940.559
       5.997        0.000      896.184      940.559
       6.026        0.000      896.258      940.559
       6.056        0.000      809.797      848.836
       6.087        0.000      809.797      848.836
       6.114        0.000      809.797      848.836
       6.149        0.000      809.812      848.836
       6.177        0.000      796.766      836.250
       6.212        0.000      614.109      836.250
       6.238        0.000      400.109      836.250
       6.265        0.000      220.109      836.250
       6.291        0.000      122.777      157.535
       6.319        0.000       68.746      103.121
       6.347        0.000       67.648      102.109
       6.376        0.000        2.477        2.902
