# Elapsed time   CPU (%)     Real (MB)   Virtual (MB)
       0.001        0.000       10.914        7.129
       0.030        0.000       11.086        7.285
       0.055        0.000       11.160        7.289
       0.080        0.000       11.730        7.422
       0.103        0.000       12.859        8.555
       0.129        0.000       13.105        9.152
       0.153        0.000       14.270        9.641
       0.178        0.000       14.582        9.980
       0.201        0.000       14.793       10.062
       0.225        0.000       14.879       10.344
       0.249        0.000       15.160       10.441
       0.273        0.000       15.906       11.141
       0.297        0.000       16.176       11.496
       0.320        0.000       16.297       11.566
       0.344        0.000       16.504       11.848
       0.367        0.000       16.965       12.246
       0.393        0.000       16.992       12.246
       0.417        0.000       17.062       12.496
       0.441        0.000       17.062       12.496
       0.464        0.000       17.629       12.750
       0.487        0.000       18.047       13.285
       0.512        0.000       18.352       13.305
       0.536        0.000       18.688       13.570
       0.560        0.000       18.688       13.570
       0.584        0.000       18.809       13.820
       0.610        0.000       19.000       13.820
       0.635        0.000       19.383       14.195
       0.662        0.000       20.098       14.684
       0.687        0.000       20.324       14.980
       0.711        0.000       20.324       14.980
       0.734        0.000       20.344       14.992
       0.758        0.000       20.469       15.098
       0.783        0.000       20.766       15.223
       0.806        0.000       21.129       15.695
       0.830        0.000       21.695       15.949
       0.854        0.000       22.121       16.953
       0.878        0.000       22.992       16.953
       0.903        0.000       23.199       17.285
       0.927        0.000       23.199       17.285
       0.951        0.000       23.629       17.711
       0.974        0.000       23.789       17.961
       0.998        0.000       24.785       18.844
       1.022        0.000       24.914       18.844
       1.046        0.000       25.309       19.164
       1.071        0.000       25.473       21.754
       1.096        0.000       25.965       22.133
       1.120        0.000       26.617       22.312
       1.145        0.000       26.863       22.457
       1.169        0.000       26.930       22.457
       1.194        0.000       27.020       22.723
       1.218        0.000       27.137       22.723
       1.241        0.000       27.148       22.734
       1.265        0.000       27.500       23.027
       1.290        0.000       27.992       23.484
       1.316        0.000       28.438       24.434
       1.340        0.000       28.508       24.441
       1.364        0.000       28.508       24.441
       1.388        0.000       28.793       24.781
       1.413        0.000       29.375       25.285
       1.437        0.000       29.656       25.535
       1.462        0.000       29.805       25.656
       1.486        0.000       29.898       25.688
       1.511        0.000       29.898       25.688
       1.533        0.000       30.020       25.727
       1.557        0.000       30.156       25.793
       1.582        0.000       30.422       26.520
       1.608        0.000       31.219       26.668
       1.633        0.000       31.801       27.695
       1.658        0.000       32.434       28.090
       1.682        0.000       32.730       28.426
       1.706        0.000       32.805       28.445
       1.730        0.000       32.984       28.578
       1.754        0.000       33.680       29.191
       1.779        0.000       33.848       29.195
       1.803        0.000       33.953       29.484
       1.827        0.000       33.984       29.484
       1.851        0.000       34.148       29.504
       1.874        0.000       34.434       29.562
       1.898        0.000       34.625       29.879
       1.921        0.000       34.727       29.918
       1.944        0.000       34.988       30.051
       1.968        0.000       35.699       30.602
       1.994        0.000       36.129       30.879
       2.017        0.000       36.426       31.172
       2.043        0.000       36.426       31.172
       2.067        0.000       36.566       31.281
       2.091        0.000       36.645       31.281
       2.115        0.000       36.906       31.355
       2.140        0.000       37.047       31.641
       2.164        0.000       37.246       31.676
       2.188        0.000       37.246       31.676
       2.210        0.000       37.668       32.016
       2.235        0.000       37.719       32.043
       2.259        0.000       38.203       32.836
       2.285        0.000       38.320       32.836
       2.312        0.000       38.383       32.836
       2.335        0.000       38.383       32.836
       2.359        0.000       38.445       32.836
       2.383        0.000       38.633       33.086
       2.408        0.000       38.945       33.371
       2.433        0.000       38.984       33.371
       2.456        0.000       39.242       33.535
       2.480        0.000       39.242       33.535
       2.504        0.000       39.242       33.535
       2.529        0.000       39.316       33.535
       2.553        0.000       39.371       33.785
       2.578        0.000       39.441       33.785
       2.602        0.000       39.566       33.785
       2.625        0.000       39.762       34.082
       2.650        0.000       39.789       34.082
       2.674        0.000       39.938       34.105
       2.698        0.000       39.938       34.105
       2.722        0.000       39.957       34.359
       2.746        0.000       40.062       34.359
       2.770        0.000       40.062       34.359
       2.794        0.000       40.078       34.359
       2.817        0.000       40.188       34.359
       2.841        0.000       40.242       34.609
       2.865        0.000       40.379       34.676
       2.889        0.000       40.441       34.676
       2.913        0.000       40.441       34.676
       2.937        0.000       40.441       34.676
       2.960        0.000       40.602       34.992
       2.985        0.000       40.695       34.992
       3.011        0.000       40.895       35.082
       3.036        0.000       41.184       35.371
       3.061        0.000       41.445       35.750
       3.084        0.000       41.496       35.750
       3.108        0.000       41.641       36.035
       3.132        0.000       41.719       36.035
       3.155        0.000       41.965       36.152
       3.179        0.000       41.988       36.402
       3.204        0.000       42.070       36.430
       3.227        0.000       42.391       36.633
       3.251        0.000       42.496       36.906
       3.274        0.000       42.824       37.070
       3.297        0.000       43.488       37.707
       3.320        0.000       43.691       37.762
       3.343        0.000       54.199       48.555
       3.370        0.000       54.352       48.266
       3.399        0.000       48.414       42.246
       3.423        0.000       49.820       45.723
       3.447        0.000       49.824       45.723
       3.470        0.000       49.824       45.723
       3.494        0.000       49.824       45.723
       3.518        0.000       49.824       45.723
       3.542        0.000       49.824       45.723
       3.567        0.000       49.824       45.723
       3.590        0.000       50.508       56.973
       3.613        0.000       51.668       75.293
       3.639        0.000       49.441       72.562
       3.665        0.000       46.773       69.875
       3.698        0.000       18.719       16.539
