# Elapsed time   CPU (%)     Real (MB)   Virtual (MB)
       0.000        0.000       10.305        6.797
       0.028        0.000       12.039        7.836
       0.052        0.000       14.516        9.992
       0.075        0.000       16.051       11.422
       0.101        0.000       18.199       13.266
       0.124        0.000       19.914       14.570
       0.148        0.000       21.688       15.941
       0.171        0.000       23.668       17.621
       0.197        0.000       25.820       22.039
       0.221        0.000       28.344       24.355
       0.247        0.000       29.609       25.590
       0.283        0.000       32.238       27.801
       0.309        0.000       33.887       29.355
       0.333        0.000       36.086       30.832
       0.358        0.000       37.262       31.711
       0.382        0.000       38.348       32.883
       0.405        0.000       39.203       33.422
       0.429        0.000       39.742       33.934
       0.452        0.000       40.176       34.574
       0.475        0.000       41.156       35.422
       0.498        0.000       42.043       36.281
       0.521        0.000       43.598       37.801
       0.544        0.000       46.191       68.164
       0.568        0.000       49.301       68.465
       0.593        0.000       53.207       68.465
       0.620        0.000       56.773       68.465
       0.647        0.000       61.352       68.465
       0.671        0.000       65.605       68.465
       0.694        0.000       69.859       68.465
       0.717        0.000       74.113       68.465
       0.741        0.000       76.785       74.527
       0.765        0.000       79.949       74.527
       0.790        0.000       90.418      143.883
       0.812        0.000      102.793      143.699
       0.836        0.000       98.109      133.391
       0.863        0.000      104.289      138.152
       0.886        0.000      114.980      144.922
       0.911        0.000      124.184      145.480
       0.934        0.000      125.574      140.086
       0.958        0.000      137.738      165.504
       0.981        0.000      142.324      153.555
       1.003        0.000      145.660      140.844
       1.028        0.000      167.520      190.906
       1.051        0.000      201.734      220.191
       1.074        0.000      235.055      278.754
       1.098        0.000      269.953      278.754
       1.121        0.000      284.273      278.754
       1.146        0.000      259.883      311.797
       1.169        0.000      288.848      333.586
       1.191        0.000      309.234      349.113
       1.215        0.000      337.105      370.156
       1.240        0.000      366.875      392.449
       1.262        0.000      395.359      413.988
       1.284        0.000      424.801      436.285
       1.307        0.000      454.375      458.578
       1.329        0.000      483.164      480.117
       1.352        0.000      513.773      562.980
       1.375        0.000      546.949      589.531
       1.398        0.000      579.504      615.832
       1.421        0.000      612.398      642.383
       1.443        0.000      645.297      668.688
       1.466        0.000      678.410      695.238
       1.489        0.000      710.730      721.289
       1.511        0.000      742.809      747.090
       1.534        0.000      775.629      773.641
       1.557        0.000      808.629      858.504
       1.580        0.000      841.188      884.805
       1.602        0.000      874.914      911.859
       1.627        0.000      902.711      934.152
       1.652        0.000      934.492      959.703
       1.675        0.000      955.996      977.238
       1.700        0.000      987.922     1002.789
       1.723        0.000     1019.996     1028.590
       1.745        0.000     1053.109     1055.141
       1.768        0.000     1080.020     1076.934
       1.794        0.000     1094.023     1138.254
       1.816        0.000     1106.840     1138.254
       1.839        0.000     1119.477     1138.254
       1.862        0.000     1131.891     1138.254
       1.884        0.000     1143.961     1196.816
       1.907        0.000     1154.441     1196.816
       1.931        0.000     1166.840     1196.816
       1.954        0.000     1179.285     1196.816
       1.977        0.000     1190.496     1196.816
       2.000        0.000     1203.574     1255.379
       2.023        0.000     1218.031     1255.379
       2.046        0.000     1232.180     1255.379
       2.068        0.000     1242.852     1255.379
       2.094        0.000     1257.805     1255.379
       2.117        0.000     1258.789     1255.379
       2.144        0.000     1291.926     1513.879
       2.167        0.000     1324.609     1513.879
       2.189        0.000     1358.551     1513.879
       2.213        0.000     1387.801     1513.879
       2.236        0.000     1391.098     1513.879
       2.260        0.000     1394.383     1513.879
       2.283        0.000     1397.398     1513.879
       2.307        0.000     1399.895     1513.879
       2.331        0.000     1399.895     1513.879
       2.353        0.000     1399.895     1513.879
       2.375        0.000     1399.895     1513.879
       2.399        0.000     1399.895     1513.879
       2.424        0.000     1415.176     1513.879
       2.448        0.000     1446.895     1513.879
       2.472        0.000     1478.695     1513.879
       2.495        0.000     1510.805     1513.879
       2.519        0.000     1384.250     1384.629
       2.545        0.000     1211.188     1207.441
       2.569        0.000     1169.438     1165.609
       2.594        0.000     1122.734     1119.020
       2.620        0.000     1085.051     1081.195
       2.646        0.000     1030.688     1026.590
       2.673        0.000      980.438      976.492
       2.699        0.000      878.488      874.094
       2.727        0.000      843.988      839.773
       2.755        0.000      802.988      798.445
       2.782        0.000      769.738      765.129
       2.809        0.000      715.488      710.773
       2.836        0.000      669.656      674.453
       2.862        0.000      598.539      593.598
       2.889        0.000      568.664      563.793
       2.916        0.000      521.289      516.199
       2.942        0.000      489.289      484.137
       2.969        0.000      450.789      445.566
       2.993        0.000      285.293      320.418
       3.020        0.000      190.727      192.184
       3.048        0.000      198.934      198.938
       3.075        0.000      198.934      198.938
       3.099        0.000      198.934      198.938
       3.125        0.000      198.934      198.938
       3.150        0.000      198.934      198.938
       3.176        0.000      198.934      198.938
       3.201        0.000      198.934      198.938
       3.225        0.000      198.934      198.938
       3.251        0.000      199.145      215.973
       3.276        0.000      203.855      203.855
       3.300        0.000      232.480      286.656
       3.324        0.000      259.035      286.656
       3.347        0.000      286.277      286.656
       3.371        0.000      320.152      407.863
       3.394        0.000      347.023      444.227
       3.417        0.000      365.086      538.133
       3.443        0.000      387.848      538.133
       3.467        0.000      416.586      538.133
       3.490        0.000      449.742      538.133
       3.514        0.000      478.055      538.133
       3.537        0.000      478.809      538.133
       3.561        0.000      478.809      538.133
       3.585        0.000      478.898      538.133
       3.608        0.000      478.898      538.133
       3.635        0.000      478.898      538.133
       3.657        0.000      478.898      538.133
       3.681        0.000      478.898      538.133
       3.704        0.000      478.898      538.133
       3.727        0.000      478.898      538.133
       3.750        0.000      480.160      538.133
       3.775        0.000      481.301      538.133
       3.798        0.000      481.652      538.133
       3.822        0.000      482.520      538.133
       3.846        0.000      483.613      538.133
       3.870        0.000      484.551      538.133
       3.893        0.000      485.453      538.133
       3.916        0.000      486.246      538.133
       3.940        0.000      487.285      538.133
       3.964        0.000      488.352      538.133
       3.989        0.000      489.199      538.133
       4.013        0.000      490.418      538.133
       4.036        0.000      492.043      538.133
       4.061        0.000      493.289      538.133
       4.086        0.000      494.219      538.133
       4.110        0.000      495.059      538.133
       4.138        0.000      495.965      538.133
       4.163        0.000      496.816      538.133
       4.189        0.000      497.590      538.133
       4.214        0.000      498.316      538.133
       4.237        0.000      499.453      538.133
       4.261        0.000      500.180      538.133
       4.284        0.000      500.910      538.133
       4.308        0.000      501.637      538.133
       4.332        0.000      502.645      538.133
       4.356        0.000      503.180      538.133
       4.380        0.000      503.820      538.133
       4.404        0.000      504.508      538.133
       4.428        0.000      505.238      538.133
       4.453        0.000      505.883      538.133
       4.476        0.000      506.520      538.133
       4.500        0.000      507.125      538.133
       4.525        0.000      507.801      538.133
       4.549        0.000      508.465      538.133
       4.573        0.000      509.301      538.133
       4.610        0.000      510.012      538.133
       4.636        0.000      510.652      538.133
       4.659        0.000      511.266      538.133
       4.683        0.000      511.844      538.133
       4.707        0.000      512.352      538.133
       4.730        0.000      512.930      538.133
       4.754        0.000      513.332      538.133
       4.779        0.000      513.332      538.133
       4.803        0.000      513.332      538.133
       4.827        0.000      513.332      538.133
       4.852        0.000      513.332      538.133
       4.876        0.000      513.332      538.133
       4.900        0.000      513.332      538.133
       4.924        0.000      513.332      538.133
       4.948        0.000      513.332      538.133
       4.971        0.000      513.332      538.133
       4.998        0.000      513.332      538.133
       5.022        0.000      513.332      538.133
       5.045        0.000      513.332      538.133
       5.069        0.000      513.332      538.133
       5.093        0.000      513.332      538.133
       5.118        0.000      513.332      538.133
       5.142        0.000      513.332      538.133
       5.165        0.000      513.332      538.133
       5.189        0.000      513.332      538.133
       5.213        0.000      513.332      538.133
       5.239        0.000      513.332      538.133
       5.263        0.000      513.332      538.133
       5.289        0.000      476.180      526.016
       5.316        0.000      431.719      491.691
       5.346        0.000      431.719      491.691
       5.369        0.000      438.145      491.691
       5.397        0.000      452.824      491.691
       5.420        0.000      466.992      491.691
       5.444        0.000      479.094      539.152
       5.468        0.000      501.402      539.152
       5.492        0.000      526.457      539.152
       5.516        0.000      526.457      539.152
       5.539        0.000      526.465      539.152
       5.564        0.000      526.469      539.152
       5.588        0.000      526.473      539.152
       5.614        0.000      526.473      539.152
       5.637        0.000      526.473      539.152
       5.660        0.000      512.883      527.035
       5.685        0.000      431.730      444.227
       5.712        0.000      431.730      444.227
       5.736        0.000      431.730      444.227
       5.763        0.000      431.730      444.227
       5.785        0.000      431.730      444.227
       5.814        0.000      443.832      491.691
       5.839        0.000      443.832      491.691
       5.863        0.000      452.898      491.691
       5.886        0.000      466.930      491.691
       5.909        0.000      485.203      539.152
       5.933        0.000      495.766      539.152
       5.959        0.000      520.711      539.152
       5.983        0.000      526.480      539.152
       6.007        0.000      526.480      539.152
       6.032        0.000      535.637      588.910
       6.057        0.000      547.906      588.910
       6.080        0.000      559.910      588.910
       6.103        0.000      572.121      588.910
       6.126        0.000      576.152      588.910
       6.148        0.000      462.898      540.430
       6.172        0.000      469.316      540.430
       6.202        0.000      469.316      540.430
       6.225        0.000      483.074      540.430
       6.249        0.000      501.789      540.430
       6.273        0.000      520.090      540.430
       6.297        0.000      537.832      540.430
       6.321        0.000      551.961      623.230
       6.345        0.000      574.633      623.230
       6.369        0.000      603.059      623.230
       6.393        0.000      548.473      575.770
       6.419        0.000      545.516     2572.797
       6.444        0.000      552.375     2572.898
       6.467        0.000      562.215     2588.168
       6.493        0.000      572.137     2588.168
       6.522        0.000      579.469     2588.168
       6.548        0.000      593.590     2588.168
       6.575        0.000      596.406     2593.957
       6.600        0.000      603.047     2593.957
       6.624        0.000      610.199     2593.957
       6.649        0.000      617.465     2593.957
       6.673        0.000      625.375     2593.957
       6.698        0.000      634.059     2593.957
       6.727        0.000      640.242     2593.957
       6.754        0.000      647.992     2593.957
       6.781        0.000      657.234     2593.957
       6.808        0.000      666.086     2593.957
       6.835        0.000      674.016     2593.957
       6.864        0.000      683.820     2593.957
       6.891        0.000      691.344     2593.957
       6.917        0.000      700.234     2593.957
       6.944        0.000      706.953     2593.957
       6.973        0.000      717.430     2593.957
       7.002        0.000      721.555     2593.961
       7.031        0.000      736.105     2593.961
       7.056        0.000      736.145     2593.961
       7.085        0.000      739.121     2594.918
       7.112        0.000      745.582     2594.918
       7.137        0.000      754.773     2594.918
       7.162        0.000      763.750     2594.918
       7.190        0.000      779.418     2594.918
       7.218        0.000      781.320     2594.918
       7.248        0.000      781.320     2594.918
       7.272        0.000      781.891     2595.555
       7.296        0.000      786.516     2595.555
       7.322        0.000      794.516     2595.555
       7.345        0.000      801.391     2595.555
       7.372        0.000      811.172     2595.555
       7.399        0.000      815.586     2595.555
       7.427        0.000      824.469     2595.555
       7.453        0.000      831.531     2595.555
       7.480        0.000      839.996     2595.555
       7.508        0.000      850.500     2595.555
       7.536        0.000      857.301     2595.555
       7.559        0.000      864.094     2595.555
       7.584        0.000      873.250     2595.555
       7.609        0.000      874.145     2595.555
       7.633        0.000      882.734     2595.555
       7.656        0.000      888.035     2595.555
       7.680        0.000      893.426     2595.555
       7.704        0.000      903.949     2595.555
       7.731        0.000      910.824     2595.555
       7.754        0.000      915.953     2595.555
       7.781        0.000      923.590     2595.555
       7.809        0.000      930.969     2595.555
       7.838        0.000      940.594     2595.555
       7.865        0.000      948.312     2595.555
       7.895        0.000      957.438     2595.555
       7.922        0.000      966.039     2595.555
       7.950        0.000      975.648     2595.555
       7.977        0.000      985.988     2595.555
       8.003        0.000      992.668     2595.555
       8.028        0.000      997.547     2595.555
       8.053        0.000     1004.301     2595.555
       8.082        0.000     1012.055     2595.555
       8.113        0.000     1015.324     2595.555
       8.142        0.000     1024.605     2595.555
       8.168        0.000     1024.840     2595.555
       8.192        0.000     1024.848     2595.555
       8.217        0.000     1037.605     2595.555
       8.245        0.000     1037.961     2595.555
       8.273        0.000     1038.094     2595.555
       8.300        0.000     1038.039     2595.641
       8.323        0.000     1056.828     2595.641
       8.352        0.000     1056.895     2595.641
       8.377        0.000     1056.895     2595.641
       8.406        0.000     1056.516     2595.781
       8.436        0.000     1068.004     2595.781
       8.461        0.000     1072.234     2595.781
       8.485        0.000     1072.301     2595.781
       8.514        0.000     1072.301     2595.781
       8.543        0.000     1072.574     2596.117
       8.572        0.000     1088.613     2596.117
       8.595        0.000     1089.473     2596.117
       8.619        0.000     1089.473     2596.117
       8.650        0.000     1089.473     2596.117
       8.679        0.000     1089.582     2596.219
       8.707        0.000     1115.238     2596.219
       8.734        0.000     1118.910     2596.219
       8.762        0.000     1118.922     2596.219
       8.788        0.000     1118.922     2596.219
       8.818        0.000     1119.000     2596.219
       8.845        0.000     1119.039     2596.219
       8.869        0.000     1119.129     2596.219
       8.893        0.000     1119.129     2596.219
       8.922        0.000     1119.289     2596.449
       8.951        0.000     1134.664     2596.449
       8.979        0.000     1150.543     2596.449
       9.007        0.000     1153.297     2596.449
       9.035        0.000     1153.297     2596.449
       9.062        0.000     1153.297     2596.449
       9.092        0.000     1153.297     2596.449
       9.116        0.000     1153.398     2596.449
       9.145        0.000     1153.422     2596.449
       9.173        0.000     1153.375     2596.484
       9.198        0.000     1153.375     2596.484
       9.224        0.000     1154.414     2596.484
       9.252        0.000     1162.855     2596.484
       9.279        0.000     1170.980     2596.484
       9.304        0.000     1177.676     2596.484
       9.331        0.000     1183.914     2596.484
       9.354        0.000     1190.188     2596.484
       9.376        0.000     1199.996     2596.484
       9.406        0.000     1210.992     2596.484
       9.434        0.000     1210.992     2596.484
       9.464        0.000     1218.863     2596.484
       9.490        0.000     1226.355     2596.484
       9.517        0.000     1233.906     2596.484
       9.546        0.000     1239.398     2596.484
       9.568        0.000     1248.570     2596.484
       9.596        0.000     1255.387     2596.484
       9.620        0.000     1264.223     2596.484
       9.646        0.000     1272.297     2596.484
       9.674        0.000     1276.633     2596.484
       9.698        0.000     1280.008     2596.484
       9.727        0.000     1286.914     2596.484
       9.750        0.000     1293.805     2596.484
       9.777        0.000     1302.980     2596.484
       9.803        0.000     1308.926     2596.484
       9.827        0.000     1315.039     2596.484
       9.856        0.000     1322.293     2596.484
       9.881        0.000     1333.207     2596.484
       9.907        0.000     1334.273     2596.484
       9.933        0.000     1343.734     2596.484
       9.960        0.000     1343.734     2596.484
       9.989        0.000     1367.285     2596.484
      10.018        0.000     1367.285     2596.484
      10.049        0.000     1367.285     2596.484
      10.078        0.000     1367.285     2596.484
      10.107        0.000     1367.266     2596.520
      10.136        0.000     1382.457     2596.520
      10.164        0.000     1404.156     2596.520
      10.192        0.000     1404.156     2596.520
      10.217        0.000     1405.633     2596.520
      10.245        0.000     1405.633     2596.520
      10.274        0.000     1405.676     2596.520
      10.303        0.000     1405.789     2596.520
      10.332        0.000     1406.047     2596.520
      10.360        0.000     1406.047     2596.520
      10.388        0.000     1406.047     2596.520
      10.416        0.000     1406.047     2596.520
      10.441        0.000     1406.047     2596.520
      10.465        0.000     1406.055     2596.520
      10.489        0.000     1406.551     2597.031
      10.514        0.000     1406.551     2597.031
      10.539        0.000     1406.551     2597.031
      10.567        0.000     1410.688     2597.031
      10.592        0.000     1418.543     2597.031
      10.619        0.000     1426.301     2597.031
      10.648        0.000     1432.656     2597.031
      10.673        0.000     1440.695     2597.031
      10.699        0.000     1449.055     2597.031
      10.725        0.000     1454.723     2597.031
      10.749        0.000     1462.375     2597.031
      10.778        0.000     1469.074     2597.031
      10.804        0.000     1476.613     2597.031
      10.831        0.000     1482.617     2597.031
      10.855        0.000     1494.043     2597.031
      10.885        0.000     1495.098     2597.031
      10.909        0.000     1501.895     2597.031
      10.935        0.000     1509.469     2597.031
      10.961        0.000     1516.898     2597.031
      10.988        0.000     1528.594     2597.031
      11.017        0.000     1531.438     2597.031
      11.044        0.000     1539.789     2597.031
      11.071        0.000     1548.918     2597.031
      11.098        0.000     1563.215     2597.031
      11.127        0.000     1563.215     2597.031
      11.152        0.000     1575.359     2597.031
      11.179        0.000     1575.359     2597.031
      11.209        0.000     1595.645     2597.031
      11.237        0.000     1596.871     2597.031
      11.266        0.000     1596.871     2597.031
      11.295        0.000     1596.871     2597.031
      11.319        0.000     1596.875     2597.031
      11.347        0.000     1597.062     2597.273
      11.375        0.000     1631.359     2597.273
      11.402        0.000     1644.273     2597.273
      11.426        0.000     1644.273     2597.273
      11.450        0.000     1648.227     2597.273
      11.478        0.000     1648.227     2597.273
      11.508        0.000     1648.285     2597.273
      11.537        0.000     1648.285     2597.273
      11.566        0.000     1648.395     2597.273
      11.594        0.000     1648.656     2597.273
      11.623        0.000     1648.977     2597.273
      11.647        0.000     1648.977     2597.273
      11.670        0.000     1648.977     2597.273
      11.694        0.000     1648.977     2597.273
      11.721        0.000     1648.977     2597.273
      11.746        0.000     1648.977     2597.273
      11.771        0.000     1648.977     2597.273
      11.795        0.000     1648.977     2597.273
      11.824        0.000     1648.977     2597.273
      11.853        0.000     1648.977     2597.273
      11.882        0.000     1649.719     2598.090
      11.910        0.000     1649.719     2598.090
      11.939        0.000     1649.719     2598.090
      11.967        0.000     1654.867     2598.090
      11.994        0.000     1663.859     2598.090
      12.022        0.000     1674.262     2598.090
      12.049        0.000     1679.746     2598.090
      12.073        0.000     1687.301     2598.090
      12.100        0.000     1695.445     2598.090
      12.127        0.000     1704.988     2598.090
      12.156        0.000     1714.355     2598.090
      12.183        0.000     1725.457     2598.090
      12.212        0.000     1727.758     2598.090
      12.236        0.000     1735.641     2598.090
      12.262        0.000     1736.160     2598.090
      12.289        0.000     1744.582     2598.090
      12.316        0.000     1752.352     2598.090
      12.342        0.000     1760.211     2598.090
      12.370        0.000     1768.312     2598.090
      12.398        0.000     1776.664     2598.090
      12.425        0.000     1784.199     2598.090
      12.454        0.000     1794.133     2598.090
      12.480        0.000     1803.387     2598.090
      12.508        0.000     1808.969     2598.090
      12.537        0.000     1816.422     2598.090
      12.564        0.000     1826.129     2598.090
      12.591        0.000     1833.938     2598.090
      12.618        0.000     1841.074     2598.090
      12.642        0.000     1847.879     2598.090
      12.669        0.000     1859.066     2598.090
      12.696        0.000     1864.566     2598.090
      12.724        0.000     1872.352     2598.090
      12.752        0.000     1879.586     2598.090
      12.774        0.000     1886.637     2598.090
      12.798        0.000     1893.375     2598.090
      12.828        0.000     1896.844     2598.090
      12.856        0.000     1902.562     2598.090
      12.880        0.000     1907.188     2598.090
      12.903        0.000     1907.188     2598.090
      12.928        0.000     1918.016     2598.090
      12.957        0.000     1918.016     2598.090
      12.984        0.000     1925.992     2598.090
      13.010        0.000     1925.992     2598.090
      13.034        0.000     1926.625     2598.090
      13.063        0.000     1939.094     2598.090
      13.091        0.000     1939.094     2598.090
      13.116        0.000     1939.094     2598.090
      13.144        0.000     1944.738     2598.090
      13.170        0.000     1954.098     2598.090
      13.198        0.000     1963.582     2598.090
      13.225        0.000     1969.133     2598.090
      13.251        0.000     1976.652     2598.090
      13.274        0.000     1982.988     2598.090
      13.297        0.000     1993.320     2598.090
      13.327        0.000     1998.289     2598.090
      13.353        0.000     2006.660     2598.090
      13.378        0.000     2014.508     2598.090
      13.405        0.000     2020.863     2598.090
      13.432        0.000     2029.531     2598.090
      13.456        0.000     2037.301     2598.090
      13.486        0.000     2040.156     2598.090
      13.513        0.000     2047.570     2598.090
      13.540        0.000     2054.445     2598.090
      13.563        0.000     2060.746     2598.090
      13.591        0.000     2067.102     2598.090
      13.617        0.000     2074.727     2598.090
      13.644        0.000     2082.656     2598.090
      13.672        0.000     2090.352     2598.090
      13.697        0.000     2095.730     2598.090
      13.723        0.000     2100.387     2598.090
      13.748        0.000     2109.273     2598.090
      13.775        0.000     2118.031     2598.090
      13.804        0.000     2124.430     2598.090
      13.832        0.000     2128.246     2598.090
      13.862        0.000     2135.305     2598.090
      13.892        0.000     2135.305     2598.090
      13.918        0.000     2150.273     2598.090
      13.947        0.000     2150.273     2598.090
      13.977        0.000     2150.273     2598.090
      14.007        0.000     2161.680     2598.090
      14.037        0.000     2176.762     2598.090
      14.061        0.000     2176.762     2598.090
      14.085        0.000     2176.762     2598.090
      14.111        0.000     2176.762     2598.090
      14.137        0.000     2176.762     2598.090
      14.161        0.000     2176.762     2598.090
      14.189        0.000     2176.762     2598.090
      14.219        0.000     2176.762     2598.090
      14.249        0.000     2176.762     2598.090
      14.277        0.000     2179.102     2598.090
      14.304        0.000     2187.648     2598.090
      14.330        0.000     2195.875     2598.090
      14.358        0.000     2205.273     2598.090
      14.387        0.000     2207.379     2598.090
      14.411        0.000     2214.258     2598.090
      14.435        0.000     2220.555     2598.090
      14.462        0.000     2228.801     2598.090
      14.488        0.000     2236.129     2598.090
      14.515        0.000     2242.973     2598.090
      14.545        0.000     2258.535     2598.090
      14.575        0.000     2258.535     2598.090
      14.604        0.000     2261.973     2598.090
      14.628        0.000     2302.117     2598.090
      14.658        0.000     2305.707     2598.090
      14.684        0.000     2307.730     2598.090
      14.713        0.000     2307.730     2598.090
      14.744        0.000     2307.730     2598.090
      14.774        0.000     2307.746     2598.090
      14.803        0.000     2307.746     2598.090
      14.831        0.000     2307.766     2598.090
      14.859        0.000     2307.766     2598.090
      14.886        0.000     2307.766     2598.090
      14.917        0.000     2307.766     2598.090
      14.946        0.000     2307.766     2598.090
      14.975        0.000     2307.766     2598.090
      15.004        0.000     2307.766     2598.090
      15.033        0.000     2307.766     2598.090
      15.060        0.000     2307.766     2598.090
      15.086        0.000     2307.766     2598.090
      15.131        0.000     2307.766     2598.090
      15.179        0.000     2321.578     2598.090
      15.206        0.000     2352.867     2598.090
      15.235        0.000     2390.125     2598.090
      15.267        0.000     2425.176     2598.090
      15.312        0.000     2458.172     2598.090
      15.343        0.000     2483.277     2599.461
      15.373        0.000     2489.359     2599.461
      15.412        0.000     2499.941     2599.461
      15.441        0.000     2499.941     2599.461
      15.479        0.000     2499.941     2599.461
      15.523        0.000     2499.941     2599.461
      15.552        0.000     2499.941     2599.461
      15.581        0.000     2499.941     2599.461
      15.610        0.000     2499.941     2599.461
      15.638        0.000     2499.941     2599.461
      15.671        0.000     2499.941     2599.461
      15.698        0.000     2499.941     2599.461
      15.730        0.000     2499.945     2599.461
      15.757        0.000     2499.945     2599.461
      15.786        0.000     2499.945     2599.461
      15.815        0.000     2499.945     2599.461
      15.844        0.000     2503.086     2599.461
      15.871        0.000     2505.402     2599.461
      15.899        0.000     2505.422     2599.461
      15.932        0.000     2505.469     2599.461
      15.961        0.000     2505.469     2599.461
      15.991        0.000     2506.742     2600.512
      16.020        0.000     2509.223     2600.512
      16.047        0.000     2515.094     2600.512
      16.074        0.000     2527.266     2600.512
      16.108        0.000     2527.266     2600.512
      16.150        0.000     2527.266     2600.512
      16.199        0.000     2527.266     2600.512
      16.247        0.000     2527.266     2600.512
      16.290        0.000     2527.266     2600.512
      16.331        0.000     2527.266     2600.512
      16.369        0.000     2527.266     2600.512
      16.397        0.000     2527.266     2600.512
      16.425        0.000     2527.266     2600.512
      16.456        0.000     2527.277     2600.512
      16.483        0.000     2527.277     2600.512
      16.511        0.000     2527.277     2600.512
      16.539        0.000     2527.277     2600.512
      16.564        0.000     2527.277     2600.512
      16.589        0.000     2527.277     2600.512
      16.613        0.000     2527.277     2600.512
      16.641        0.000     2527.277     2600.512
      16.672        0.000     2527.277     2600.512
      16.699        0.000     2527.277     2600.512
      16.729        0.000     2527.277     2600.512
      16.757        0.000     2527.277     2600.512
      16.785        0.000     2527.277     2600.512
      16.812        0.000     2527.562     2600.512
      16.840        0.000     2527.562     2600.512
      16.867        0.000     2527.562     2600.512
      16.896        0.000     2527.562     2600.512
      16.924        0.000     2527.562     2600.512
      16.952        0.000     2527.562     2600.512
      16.982        0.000     2527.562     2600.512
      17.010        0.000     2527.562     2600.512
      17.039        0.000     2527.562     2600.512
      17.067        0.000     2527.562     2600.512
      17.095        0.000     2527.562     2600.512
      17.124        0.000     2527.562     2600.512
      17.152        0.000     2527.562     2600.512
      17.180        0.000     2527.562     2600.512
      17.209        0.000     2527.562     2600.512
      17.237        0.000     2527.562     2600.512
      17.266        0.000     2527.562     2600.512
      17.295        0.000     2527.562     2600.512
      17.324        0.000     2527.562     2600.512
      17.353        0.000     2527.562     2600.512
      17.381        0.000     2527.562     2600.512
      17.406        0.000     2527.562     2600.512
      17.432        0.000     2473.324     2600.512
      17.460        0.000     2288.555     2364.738
      17.486        0.000     2311.812     2388.980
      17.515        0.000     2311.816     2388.980
      17.540        0.000     2311.816     2388.980
      17.568        0.000     2311.816     2388.980
      17.596        0.000     2311.816     2388.980
      17.623        0.000     2311.816     2388.980
      17.647        0.000     2311.816     2388.980
      17.674        0.000     2311.816     2388.980
      17.701        0.000     2311.816     2388.980
      17.730        0.000     2311.816     2388.980
      17.758        0.000     2311.816     2388.980
      17.785        0.000     2311.816     2388.980
      17.812        0.000     2311.816     2388.980
      17.840        0.000     2311.816     2388.980
      17.866        0.000     2311.832     2388.980
      17.903        0.000     2311.832     2388.980
      17.931        0.000     2311.832     2388.980
      17.962        0.000     2311.832     2388.980
      17.988        0.000     2311.832     2388.980
      18.018        0.000     2311.832     2388.980
      18.045        0.000     2311.832     2388.980
      18.068        0.000     2311.832     2388.980
      18.093        0.000     2311.832     2388.980
      18.121        0.000     2311.832     2388.980
      18.149        0.000     2311.832     2388.980
      18.175        0.000     2318.047     2388.980
      18.203        0.000     2333.086     2376.859
      18.230        0.000     2162.777     2278.613
      18.257        0.000     1949.195     2278.613
      18.284        0.000     1743.195     2278.613
      18.311        0.000     1541.195     2278.613
      18.337        0.000     1309.848     2278.613
      18.364        0.000     1129.195     2278.613
      18.391        0.000      943.195     2278.613
      18.417        0.000      693.195     2278.613
      18.444        0.000      495.195     2278.613
      18.471        0.000      348.598      402.395
      18.496        0.000      350.531      390.277
      18.525        0.000      365.602      402.398
      18.556        0.000      353.691      390.293
      18.591        0.000      282.754      319.609
      18.631        0.000      159.066      195.262
      18.659        0.000      157.461      193.836
      18.687        0.000       62.230      138.277
