# Elapsed time   CPU (%)     Real (MB)   Virtual (MB)
       0.000        0.000       11.891        7.477
       0.040        0.000       14.836       10.078
       0.068        0.000       16.926       12.203
       0.100        0.000       19.562       14.465
       0.116        0.000       20.438       15.051
       0.131        0.000       22.055       16.633
       0.147        0.000       23.418       17.406
       0.171        0.000       25.352       19.172
       0.203        0.000       28.762       24.695
       0.218        0.000       29.566       25.512
       0.234        0.000       30.164       25.754
       0.250        0.000       32.664       28.332
       0.271        0.000       34.094       29.367
       0.286        0.000       34.836       29.844
       0.302        0.000       36.316       31.035
       0.318        0.000       37.109       31.691
       0.333        0.000       37.867       32.168
       0.349        0.000       38.473       32.836
       0.371        0.000       39.238       33.629
       0.400        0.000       39.766       33.914
       0.419        0.000       40.133       34.496
       0.451        0.000       41.332       35.672
       0.471        0.000       42.035       36.402
       0.487        0.000       42.789       36.988
       0.518        0.000       46.094       68.582
       0.544        0.000       49.227       68.297
       0.568        0.000       52.926       68.297
       0.592        0.000       57.059       68.297
       0.608        0.000       61.703       68.297
       0.648        0.000       66.340       68.297
       0.672        0.000       70.594       68.297
       0.692        0.000       73.688       68.297
       0.717        0.000       76.969       74.359
       0.750        0.000       87.020      137.703
       0.772        0.000       97.926      159.754
       0.803        0.000       96.766      134.980
       0.819        0.000       99.059      135.027
       0.850        0.000      109.160      137.742
       0.872        0.000      124.031      160.789
       0.888        0.000      124.316      145.316
       0.903        0.000      134.344      165.359
       0.919        0.000      132.164      145.297
       0.935        0.000      140.395      165.340
       0.972        0.000      152.227      165.414
       0.988        0.000      144.855      161.461
       1.019        0.000      183.785      190.746
       1.035        0.000      206.121      220.027
       1.051        0.000      228.906      278.590
       1.087        0.000      284.152      278.590
       1.128        0.000      263.594      314.637
       1.154        0.000      298.512      340.938
       1.192        0.000      353.730      382.516
       1.233        0.000      396.723      414.828
       1.273        0.000      435.938      444.637
       1.314        0.000      478.777      476.949
       1.354        0.000      523.457      570.582
       1.394        0.000      568.930      607.152
       1.440        0.000      614.148      643.723
       1.471        0.000      647.371      670.277
       1.487        0.000      666.801      686.055
       1.502        0.000      686.609      701.836
       1.518        0.000      706.328      717.617
       1.555        0.000      743.402      747.676
       1.595        0.000      783.613      779.988
       1.635        0.000      832.891      878.129
       1.661        0.000      858.977      898.922
       1.693        0.000      893.883      927.227
       1.728        0.000      924.707      951.773
       1.768        0.000      963.070      982.836
       1.798        0.000      990.285     1004.625
       1.838        0.000     1027.984     1034.938
       1.879        0.000     1073.535     1071.508
       1.919        0.000     1093.750     1138.090
       1.959        0.000     1115.258     1138.090
       2.000        0.000     1138.172     1138.090
       2.040        0.000     1157.738     1196.652
       2.080        0.000     1172.387     1196.652
       2.121        0.000     1189.023     1196.652
       2.161        0.000     1206.672     1255.215
       2.189        0.000     1218.926     1255.215
       2.214        0.000     1231.754     1255.215
       2.254        0.000     1248.215     1255.215
       2.294        0.000     1258.668     1255.215
       2.321        0.000     1286.891     1513.711
       2.345        0.000     1320.051     1513.711
       2.374        0.000     1361.113     1513.711
       2.399        0.000     1387.816     1513.711
       2.427        0.000     1391.086     1513.711
       2.455        0.000     1394.406     1513.711
       2.479        0.000     1397.145     1513.711
       2.503        0.000     1399.738     1513.711
       2.527        0.000     1399.773     1513.711
       2.557        0.000     1399.773     1513.711
       2.578        0.000     1399.773     1513.711
       2.598        0.000     1399.773     1513.711
       2.618        0.000     1399.773     1513.711
       2.648        0.000     1432.957     1513.711
       2.676        0.000     1467.492     1513.711
       2.704        0.000     1502.539     1513.711
       2.739        0.000     1388.656     1396.586
       2.779        0.000     1194.109     1190.496
       2.819        0.000     1131.062     1127.121
       2.861        0.000     1075.254     1071.262
       2.901        0.000     1016.812     1012.648
       2.942        0.000      977.812      973.824
       2.982        0.000      884.863      880.691
       3.022        0.000      834.113      829.594
       3.062        0.000      784.113      779.496
       3.102        0.000      716.863      712.113
       3.129        0.000      675.578      674.289
       3.159        0.000      598.914      593.938
       3.191        0.000      553.914      548.848
       3.225        0.000      504.664      499.504
       3.265        0.000      445.164      439.895
       3.305        0.000      180.922      179.902
       3.345        0.000      198.797      198.766
       3.386        0.000      198.797      198.766
       3.426        0.000      198.797      198.766
       3.466        0.000      198.797      198.766
       3.506        0.000      198.797      198.766
       3.546        0.000      198.801      198.766
       3.586        0.000      199.941      215.797
       3.627        0.000      218.992      286.484
       3.657        0.000      244.832      286.484
       3.693        0.000      283.234      286.484
       3.724        0.000      322.289      407.688
       3.755        0.000      346.887      444.051
       3.793        0.000      375.367      537.957
       3.824        0.000      404.234      537.957
       3.840        0.000      425.117      537.957
       3.856        0.000      448.645      537.957
       3.888        0.000      477.918      537.957
       3.928        0.000      478.672      537.957
       3.968        0.000      478.762      537.957
       4.009        0.000      478.762      537.957
       4.049        0.000      478.762      537.957
       4.089        0.000      478.762      537.957
       4.129        0.000      478.762      537.957
       4.156        0.000      479.426      537.957
       4.192        0.000      481.164      537.957
       4.233        0.000      481.801      537.957
       4.273        0.000      483.234      537.957
       4.313        0.000      484.609      537.957
       4.341        0.000      485.477      537.957
       4.369        0.000      486.402      537.957
       4.397        0.000      487.363      537.957
       4.429        0.000      488.395      537.957
       4.457        0.000      489.254      537.957
       4.485        0.000      490.465      537.957
       4.513        0.000      491.996      537.957
       4.541        0.000      493.273      537.957
       4.569        0.000      494.172      537.957
       4.597        0.000      495.160      537.957
       4.629        0.000      496.074      537.957
       4.657        0.000      496.848      537.957
       4.683        0.000      497.582      537.957
       4.711        0.000      498.184      537.957
       4.733        0.000      498.891      537.957
       4.772        0.000      500.121      537.957
       4.812        0.000      501.250      537.957
       4.852        0.000      502.637      537.957
       4.893        0.000      503.578      537.957
       4.933        0.000      504.719      537.957
       4.974        0.000      505.770      537.957
       5.014        0.000      506.797      537.957
       5.054        0.000      507.770      537.957
       5.095        0.000      508.762      537.957
       5.135        0.000      509.812      537.957
       5.156        0.000      510.293      537.957
       5.196        0.000      511.211      537.957
       5.237        0.000      512.117      537.957
       5.277        0.000      513.031      537.957
       5.317        0.000      513.195      537.957
       5.358        0.000      513.195      537.957
       5.398        0.000      513.195      537.957
       5.439        0.000      513.195      537.957
       5.479        0.000      513.195      537.957
       5.520        0.000      513.195      537.957
       5.560        0.000      513.195      537.957
       5.600        0.000      513.195      537.957
       5.641        0.000      513.195      537.957
       5.667        0.000      513.195      537.957
       5.708        0.000      513.195      537.957
       5.746        0.000      513.195      537.957
       5.786        0.000      513.195      537.957
       5.827        0.000      513.195      537.957
       5.867        0.000      492.941      525.840
       5.909        0.000      431.582      491.516
       5.940        0.000      431.582      491.516
       5.955        0.000      434.410      491.516
       5.987        0.000      450.262      491.516
       6.002        0.000      460.074      491.516
       6.018        0.000      472.789      538.980
       6.034        0.000      478.957      538.980
       6.049        0.000      492.621      538.980
       6.080        0.000      519.613      538.980
       6.096        0.000      526.320      538.980
       6.112        0.000      526.320      538.980
       6.136        0.000      526.328      538.980
       6.160        0.000      526.332      538.980
       6.192        0.000      526.336      538.980
       6.224        0.000      526.336      538.980
       6.239        0.000      526.336      538.980
       6.255        0.000      479.594      526.863
       6.270        0.000      431.594      444.051
       6.302        0.000      431.594      444.051
       6.317        0.000      431.594      444.051
       6.349        0.000      431.594      444.051
       6.364        0.000      431.594      444.051
       6.395        0.000      443.695      491.516
       6.411        0.000      443.695      491.516
       6.427        0.000      443.695      491.516
       6.458        0.000      453.758      491.516
       6.473        0.000      463.078      491.516
       6.505        0.000      481.480      538.980
       6.520        0.000      491.066      538.980
       6.536        0.000      501.473      538.980
       6.567        0.000      526.344      538.980
       6.583        0.000      526.344      538.980
       6.614        0.000      529.414      588.738
       6.645        0.000      546.723      588.738
       6.670        0.000      559.098      588.738
       6.690        0.000      568.102      588.738
       6.705        0.000      575.363      588.738
       6.721        0.000      576.016      588.738
       6.736        0.000      514.801      529.160
       6.752        0.000      467.738      540.254
       6.768        0.000      469.180      540.254
       6.799        0.000      469.180      540.254
       6.815        0.000      476.578      540.254
       6.846        0.000      497.535      540.254
       6.861        0.000      509.285      540.254
       6.877        0.000      521.133      540.254
       6.893        0.000      533.227      540.254
       6.908        0.000      549.527      623.062
       6.924        0.000      551.824      623.062
       6.940        0.000      569.578      623.062
       6.971        0.000      602.066      623.062
       6.986        0.000      620.410      623.062
       7.002        0.000      539.730     2440.723
       7.018        0.000      542.766     2572.555
       7.049        0.000      552.035     2577.363
       7.080        0.000      563.586     2587.996
       7.096        0.000      568.059     2587.996
       7.111        0.000      572.027     2587.996
       7.127        0.000      575.359     2587.996
       7.158        0.000      584.648     2587.996
       7.187        0.000      594.340     2593.777
       7.222        0.000      605.297     2593.777
       7.254        0.000      613.250     2593.777
       7.285        0.000      622.117     2593.777
       7.316        0.000      632.320     2593.777
       7.344        0.000      638.145     2593.777
       7.372        0.000      646.340     2593.777
       7.400        0.000      656.117     2593.777
       7.428        0.000      662.406     2593.777
       7.456        0.000      670.809     2593.777
       7.484        0.000      674.969     2593.777
       7.508        0.000      683.027     2593.777
       7.532        0.000      689.320     2593.777
       7.556        0.000      695.348     2593.777
       7.580        0.000      704.070     2593.777
       7.608        0.000      709.262     2593.777
       7.636        0.000      717.332     2593.777
       7.660        0.000      721.398     2593.777
       7.692        0.000      735.949     2593.777
       7.720        0.000      735.988     2593.777
       7.745        0.000      736.586     2594.738
       7.760        0.000      738.707     2594.738
       7.776        0.000      745.508     2594.738
       7.807        0.000      757.207     2594.738
       7.838        0.000      767.605     2594.738
       7.862        0.000      781.090     2594.738
       7.894        0.000      781.164     2594.738
       7.925        0.000      781.734     2595.371
       7.956        0.000      792.574     2595.371
       7.987        0.000      804.777     2595.371
       8.019        0.000      811.766     2595.371
       8.034        0.000      816.109     2595.371
       8.065        0.000      827.637     2595.371
       8.097        0.000      837.238     2595.371
       8.128        0.000      848.438     2595.371
       8.156        0.000      854.820     2595.371
       8.192        0.000      873.090     2595.371
       8.223        0.000      875.879     2595.371
       8.254        0.000      884.992     2595.371
       8.285        0.000      893.270     2595.371
       8.301        0.000      899.934     2595.371
       8.329        0.000      906.742     2595.371
       8.353        0.000      916.453     2595.371
       8.381        0.000      926.562     2595.371
       8.409        0.000      930.594     2595.371
       8.437        0.000      938.594     2595.371
       8.465        0.000      946.945     2595.371
       8.493        0.000      953.848     2595.371
       8.517        0.000      962.301     2595.371
       8.541        0.000      968.461     2595.371
       8.569        0.000      977.324     2595.371
       8.597        0.000      985.832     2595.371
       8.625        0.000      996.312     2595.371
       8.653        0.000     1002.914     2595.371
       8.685        0.000     1011.895     2595.371
       8.713        0.000     1011.898     2595.371
       8.741        0.000     1024.449     2595.371
       8.777        0.000     1024.684     2595.371
       8.792        0.000     1024.691     2595.371
       8.824        0.000     1037.449     2595.371
       8.855        0.000     1037.938     2595.371
       8.886        0.000     1037.883     2595.457
       8.917        0.000     1056.664     2595.457
       8.948        0.000     1056.672     2595.457
       8.964        0.000     1056.738     2595.457
       8.995        0.000     1056.738     2595.457
       9.027        0.000     1057.270     2595.598
       9.058        0.000     1071.969     2595.598
       9.073        0.000     1072.070     2595.598
       9.105        0.000     1072.137     2595.598
       9.136        0.000     1072.137     2595.598
       9.152        0.000     1072.410     2595.938
       9.192        0.000     1089.281     2595.938
       9.223        0.000     1089.309     2595.938
       9.239        0.000     1089.309     2595.938
       9.254        0.000     1089.309     2595.938
       9.286        0.000     1087.453     2596.039
       9.317        0.000     1113.105     2596.039
       9.348        0.000     1118.746     2596.039
       9.379        0.000     1118.758     2596.039
       9.411        0.000     1118.758     2596.039
       9.426        0.000     1118.758     2596.039
       9.457        0.000     1118.758     2596.039
       9.473        0.000     1118.875     2596.039
       9.489        0.000     1118.875     2596.039
       9.504        0.000     1118.965     2596.039
       9.520        0.000     1118.965     2596.039
       9.536        0.000     1118.965     2596.039
       9.567        0.000     1119.125     2596.270
       9.598        0.000     1150.379     2596.270
       9.645        0.000     1153.133     2596.270
       9.674        0.000     1153.133     2596.270
       9.705        0.000     1153.133     2596.270
       9.737        0.000     1153.133     2596.270
       9.768        0.000     1153.195     2596.270
       9.799        0.000     1153.258     2596.270
       9.830        0.000     1153.258     2596.270
       9.862        0.000     1153.211     2596.305
       9.893        0.000     1153.211     2596.305
       9.924        0.000     1156.129     2596.305
       9.955        0.000     1162.691     2596.305
       9.987        0.000     1169.328     2596.305
      10.018        0.000     1176.457     2596.305
      10.049        0.000     1182.871     2596.305
      10.080        0.000     1189.324     2596.305
      10.112        0.000     1195.883     2596.305
      10.143        0.000     1201.094     2596.305
      10.175        0.000     1210.828     2596.305
      10.207        0.000     1210.828     2596.305
      10.238        0.000     1215.203     2596.305
      10.254        0.000     1219.367     2596.305
      10.285        0.000     1228.887     2596.305
      10.301        0.000     1233.742     2596.305
      10.316        0.000     1236.285     2596.305
      10.347        0.000     1244.535     2596.305
      10.363        0.000     1248.406     2596.305
      10.379        0.000     1252.281     2596.305
      10.410        0.000     1260.926     2596.305
      10.425        0.000     1270.895     2596.305
      10.457        0.000     1272.133     2596.305
      10.472        0.000     1276.484     2596.305
      10.504        0.000     1280.902     2596.305
      10.535        0.000     1292.555     2596.305
      10.566        0.000     1302.895     2596.305
      10.597        0.000     1314.875     2596.305
      10.613        0.000     1317.648     2596.305
      10.644        0.000     1324.395     2596.305
      10.673        0.000     1333.504     2596.305
      10.692        0.000     1343.570     2596.305
      10.724        0.000     1343.570     2596.305
      10.755        0.000     1358.500     2596.305
      10.786        0.000     1367.121     2596.305
      10.817        0.000     1367.121     2596.305
      10.849        0.000     1367.121     2596.305
      10.880        0.000     1367.121     2596.305
      10.911        0.000     1367.121     2596.305
      10.942        0.000     1367.102     2596.340
      10.974        0.000     1393.195     2596.340
      10.989        0.000     1403.992     2596.340
      11.005        0.000     1403.992     2596.340
      11.021        0.000     1403.992     2596.340
      11.036        0.000     1405.469     2596.340
      11.052        0.000     1405.469     2596.340
      11.067        0.000     1405.469     2596.340
      11.083        0.000     1405.469     2596.340
      11.114        0.000     1405.512     2596.340
      11.146        0.000     1405.625     2596.340
      11.174        0.000     1405.625     2596.340
      11.205        0.000     1405.883     2596.340
      11.237        0.000     1405.883     2596.340
      11.268        0.000     1405.883     2596.340
      11.299        0.000     1405.891     2596.340
      11.330        0.000     1406.387     2596.852
      11.362        0.000     1406.387     2596.852
      11.393        0.000     1413.660     2596.852
      11.424        0.000     1424.004     2596.852
      11.455        0.000     1429.262     2596.852
      11.487        0.000     1438.730     2596.852
      11.518        0.000     1446.559     2596.852
      11.549        0.000     1454.559     2596.852
      11.565        0.000     1458.262     2596.852
      11.596        0.000     1470.094     2596.852
      11.639        0.000     1475.449     2596.852
      11.664        0.000     1481.840     2596.852
      11.692        0.000     1493.879     2596.852
      11.723        0.000     1495.391     2596.852
      11.754        0.000     1505.273     2596.852
      11.785        0.000     1512.812     2596.852
      11.817        0.000     1522.453     2596.852
      11.848        0.000     1528.430     2596.852
      11.879        0.000     1533.801     2596.852
      11.910        0.000     1541.215     2596.852
      11.942        0.000     1548.629     2596.852
      11.957        0.000     1553.352     2596.852
      11.973        0.000     1563.051     2596.852
      11.988        0.000     1563.051     2596.852
      12.004        0.000     1563.664     2596.852
      12.035        0.000     1575.195     2596.852
      12.067        0.000     1575.195     2596.852
      12.082        0.000     1575.195     2596.852
      12.113        0.000     1596.707     2596.852
      12.145        0.000     1596.707     2596.852
      12.189        0.000     1596.707     2596.852
      12.205        0.000     1596.711     2596.852
      12.236        0.000     1596.898     2597.094
      12.252        0.000     1596.898     2597.094
      12.267        0.000     1608.090     2597.094
      12.283        0.000     1636.551     2597.094
      12.314        0.000     1644.109     2597.094
      12.345        0.000     1648.062     2597.094
      12.376        0.000     1648.105     2597.094
      12.408        0.000     1648.121     2597.094
      12.439        0.000     1648.121     2597.094
      12.470        0.000     1648.230     2597.094
      12.501        0.000     1648.238     2597.094
      12.517        0.000     1648.812     2597.094
      12.533        0.000     1648.812     2597.094
      12.548        0.000     1648.812     2597.094
      12.564        0.000     1648.812     2597.094
      12.580        0.000     1648.812     2597.094
      12.595        0.000     1648.812     2597.094
      12.611        0.000     1648.812     2597.094
      12.635        0.000     1648.812     2597.094
      12.663        0.000     1648.812     2597.094
      12.691        0.000     1648.812     2597.094
      12.723        0.000     1648.812     2597.094
      12.754        0.000     1648.812     2597.094
      12.785        0.000     1648.812     2597.094
      12.816        0.000     1649.555     2597.906
      12.843        0.000     1649.555     2597.906
      12.871        0.000     1649.555     2597.906
      12.902        0.000     1649.555     2597.906
      12.933        0.000     1656.328     2597.906
      12.965        0.000     1664.547     2597.906
      12.996        0.000     1676.090     2597.906
      13.027        0.000     1683.824     2597.906
      13.058        0.000     1694.520     2597.906
      13.090        0.000     1702.633     2597.906
      13.105        0.000     1706.398     2597.906
      13.136        0.000     1715.207     2597.906
      13.164        0.000     1727.594     2597.906
      13.192        0.000     1735.477     2597.906
      13.223        0.000     1735.477     2597.906
      13.255        0.000     1744.418     2597.906
      13.270        0.000     1748.348     2597.906
      13.286        0.000     1752.523     2597.906
      13.302        0.000     1756.805     2597.906
      13.317        0.000     1760.730     2597.906
      13.348        0.000     1770.281     2597.906
      13.380        0.000     1780.020     2597.906
      13.395        0.000     1783.422     2597.906
      13.411        0.000     1785.691     2597.906
      13.427        0.000     1789.656     2597.906
      13.442        0.000     1793.945     2597.906
      13.473        0.000     1804.777     2597.906
      13.505        0.000     1810.574     2597.906
      13.536        0.000     1821.777     2597.906
      13.567        0.000     1828.859     2597.906
      13.583        0.000     1835.137     2597.906
      13.614        0.000     1849.367     2597.906
      13.645        0.000     1855.184     2597.906
      13.674        0.000     1864.402     2597.906
      13.705        0.000     1870.043     2597.906
      13.736        0.000     1877.234     2597.906
      13.768        0.000     1885.477     2597.906
      13.799        0.000     1893.211     2597.906
      13.830        0.000     1896.680     2597.906
      13.861        0.000     1902.398     2597.906
      13.893        0.000     1907.023     2597.906
      13.924        0.000     1917.578     2597.906
      13.955        0.000     1917.852     2597.906
      13.986        0.000     1917.852     2597.906
      14.018        0.000     1925.828     2597.906
      14.049        0.000     1925.828     2597.906
      14.080        0.000     1938.930     2597.906
      14.096        0.000     1938.930     2597.906
      14.111        0.000     1938.930     2597.906
      14.143        0.000     1938.930     2597.906
      14.171        0.000     1943.555     2597.906
      14.191        0.000     1947.742     2597.906
      14.223        0.000     1959.156     2597.906
      14.254        0.000     1968.879     2597.906
      14.269        0.000     1970.457     2597.906
      14.301        0.000     1976.340     2597.906
      14.332        0.000     1982.625     2597.906
      14.363        0.000     1993.156     2597.906
      14.394        0.000     1996.391     2597.906
      14.410        0.000     2000.863     2597.906
      14.426        0.000     2007.281     2597.906
      14.457        0.000     2015.820     2597.906
      14.488        0.000     2022.488     2597.906
      14.504        0.000     2027.383     2597.906
      14.535        0.000     2037.137     2597.906
      14.566        0.000     2041.863     2597.906
      14.597        0.000     2050.539     2597.906
      14.629        0.000     2058.520     2597.906
      14.644        0.000     2063.043     2597.906
      14.669        0.000     2070.383     2597.906
      14.689        0.000     2075.441     2597.906
      14.720        0.000     2082.250     2597.906
      14.751        0.000     2077.172     2597.906
      14.782        0.000     2082.551     2597.906
      14.814        0.000     2088.805     2597.906
      14.845        0.000     2098.035     2597.906
      14.876        0.000     2104.844     2597.906
      14.907        0.000     2111.242     2597.906
      14.939        0.000     2111.242     2597.906
      14.970        0.000     2122.117     2597.906
      15.001        0.000     2122.117     2597.906
      15.032        0.000     2122.117     2597.906
      15.064        0.000     2137.086     2597.906
      15.095        0.000     2137.086     2597.906
      15.126        0.000     2137.086     2597.906
      15.151        0.000     2137.086     2597.906
      15.191        0.000     2163.574     2597.906
      15.222        0.000     2163.574     2597.906
      15.238        0.000     2163.574     2597.906
      15.253        0.000     2163.574     2597.906
      15.269        0.000     2163.574     2597.906
      15.285        0.000     2163.574     2597.906
      15.316        0.000     2163.574     2597.906
      15.331        0.000     2163.574     2597.906
      15.347        0.000     2163.574     2597.906
      15.363        0.000     2163.574     2597.906
      15.394        0.000     2163.574     2597.906
      15.425        0.000     2163.574     2597.906
      15.441        0.000     2163.574     2597.906
      15.456        0.000     2163.574     2597.906
      15.472        0.000     2164.949     2597.906
      15.503        0.000     2172.180     2597.906
      15.519        0.000     2176.234     2597.906
      15.550        0.000     2185.465     2597.906
      15.581        0.000     2193.301     2597.906
      15.613        0.000     2201.473     2597.906
      15.628        0.000     2207.352     2597.906
      15.656        0.000     2215.719     2597.906
      15.692        0.000     2208.422     2597.906
      15.723        0.000     2213.625     2597.906
      15.754        0.000     2227.441     2597.906
      15.786        0.000     2227.441     2597.906
      15.817        0.000     2235.566     2597.906
      15.848        0.000     2234.648     2597.906
      15.879        0.000     2204.898     2597.906
      15.911        0.000     2202.613     2597.906
      15.942        0.000     2194.637     2597.906
      15.973        0.000     2194.637     2597.906
      16.004        0.000     2194.637     2597.906
      16.036        0.000     2194.652     2597.906
      16.067        0.000     2194.672     2597.906
      16.098        0.000     2194.672     2597.906
      16.126        0.000     2194.672     2597.906
      16.158        0.000     2194.672     2597.906
      16.190        0.000     2194.672     2597.906
      16.221        0.000     2194.672     2597.906
      16.252        0.000     2194.672     2597.906
      16.283        0.000     2194.672     2597.906
      16.315        0.000     2194.672     2597.906
      16.346        0.000     2194.672     2597.906
      16.393        0.000     2194.672     2597.906
      16.424        0.000     2194.672     2597.906
      16.455        0.000     2194.672     2597.906
      16.487        0.000     2198.402     2597.906
      16.518        0.000     2225.086     2597.906
      16.549        0.000     2205.512     2597.906
      16.580        0.000     2173.355     2597.906
      16.611        0.000     2126.996     2597.906
      16.643        0.000     2093.988     2597.906
      16.672        0.000     2056.742     2597.906
      16.692        0.000     1992.859     2597.906
      16.723        0.000     1945.492     2597.906
      16.754        0.000     1902.539     2597.906
      16.817        0.000     1871.242     2597.906
      16.864        0.000     1845.406     2597.906
      16.911        0.000     1799.109     2597.906
      16.942        0.000     1779.492     2597.906
      16.973        0.000     1752.492     2599.277
      17.004        0.000     1742.566     2599.277
      17.098        0.000     1722.984     2599.277
      17.139        0.000     1704.355     2599.277
      17.173        0.000     1693.113     2599.277
      17.220        0.000     1693.113     2599.277
      17.252        0.000     1693.113     2599.277
      17.298        0.000     1693.113     2599.277
      17.345        0.000     1693.113     2599.277
      17.376        0.000     1693.113     2599.277
      17.408        0.000     1693.113     2599.277
      17.455        0.000     1693.113     2599.277
      17.486        0.000     1693.113     2599.277
      17.533        0.000     1693.113     2599.277
      17.580        0.000     1693.113     2599.277
      17.611        0.000     1693.113     2599.277
      17.642        0.000     1693.113     2599.277
      17.687        0.000     1693.113     2599.277
      17.723        0.000     1693.129     2599.277
      17.775        0.000     1693.129     2599.277
      17.806        0.000     1693.129     2599.277
      17.838        0.000     1693.129     2599.277
      17.869        0.000     1698.586     2599.277
      17.916        0.000     1698.586     2599.277
      17.947        0.000     1698.586     2599.277
      17.978        0.000     1698.684     2599.277
      18.010        0.000     1698.684     2599.277
      18.041        0.000     1698.684     2599.277
      18.072        0.000     1698.688     2599.277
      18.103        0.000     1703.074     2600.332
      18.151        0.000     1712.156     2600.332
      18.191        0.000     1720.484     2600.332
      18.239        0.000     1720.484     2600.332
      18.270        0.000     1720.484     2600.332
      18.301        0.000     1720.484     2600.332
      18.333        0.000     1720.484     2600.332
      18.379        0.000     1720.484     2600.332
      18.411        0.000     1720.484     2600.332
      18.442        0.000     1720.484     2600.332
      18.473        0.000     1720.484     2600.332
      18.504        0.000     1720.484     2600.332
      18.583        0.000     1720.484     2600.332
      18.614        0.000     1720.484     2600.332
      18.673        0.000     1720.484     2600.332
      18.715        0.000     1720.641     2600.332
      18.746        0.000     1720.641     2600.332
      18.777        0.000     1720.641     2600.332
      18.809        0.000     1720.641     2600.332
      18.840        0.000     1720.641     2600.332
      18.871        0.000     1720.641     2600.332
      18.902        0.000     1720.641     2600.332
      18.933        0.000     1720.641     2600.332
      18.965        0.000     1720.641     2600.332
      18.996        0.000     1721.375     2600.332
      19.027        0.000     1721.414     2600.332
      19.058        0.000     1721.414     2600.332
      19.090        0.000     1721.695     2600.332
      19.121        0.000     1722.812     2600.336
      19.153        0.000     1723.098     2600.336
      19.189        0.000     1723.098     2600.336
      19.220        0.000     1723.098     2600.336
      19.252        0.000     1723.098     2600.336
      19.283        0.000     1723.098     2600.336
      19.314        0.000     1723.098     2600.336
      19.345        0.000     1723.098     2600.336
      19.361        0.000     1723.098     2600.336
      19.392        0.000     1723.098     2600.336
      19.423        0.000     1723.098     2600.336
      19.439        0.000     1723.098     2600.336
      19.455        0.000     1723.098     2600.336
      19.470        0.000     1723.098     2600.336
      19.486        0.000     1723.098     2600.336
      19.502        0.000     1723.098     2600.336
      19.533        0.000     1723.098     2600.336
      19.564        0.000     1723.098     2600.336
      19.595        0.000     1723.098     2600.336
      19.626        0.000     1723.098     2600.336
      19.658        0.000     1723.098     2600.336
      19.682        0.000     1723.098     2600.336
      19.706        0.000     1723.098     2600.336
      19.737        0.000     1723.098     2600.336
      19.769        0.000     1723.098     2600.336
      19.800        0.000     1723.098     2600.336
      19.831        0.000     1723.098     2600.336
      19.862        0.000     1723.098     2600.336
      19.894        0.000     1691.582     2600.336
      19.909        0.000     1614.602     2411.000
      19.941        0.000     1632.418     2364.562
      19.972        0.000     1647.160     2388.805
      20.003        0.000     1665.633     2388.805
      20.034        0.000     1674.152     2388.805
      20.050        0.000     1683.379     2388.805
      20.081        0.000     1709.418     2388.805
      20.112        0.000     1730.203     2388.805
      20.141        0.000     1753.078     2388.805
      20.169        0.000     1788.785     2388.805
      20.189        0.000     1820.777     2388.805
      20.220        0.000     1875.684     2388.805
      20.251        0.000     1919.207     2388.805
      20.282        0.000     1951.465     2388.805
      20.298        0.000     1973.168     2388.805
      20.314        0.000     1994.863     2388.805
      20.345        0.000     2034.406     2388.805
      20.376        0.000     2037.520     2388.805
      20.407        0.000     2040.672     2388.805
      20.439        0.000     2043.180     2388.805
      20.470        0.000     2043.477     2388.805
      20.501        0.000     2043.477     2388.805
      20.532        0.000     2043.477     2388.805
      20.564        0.000     2043.477     2388.805
      20.595        0.000     2043.492     2388.805
      20.642        0.000     2043.492     2388.805
      20.674        0.000     2043.492     2388.805
      20.706        0.000     2043.492     2388.805
      20.737        0.000     2043.492     2388.805
      20.768        0.000     2043.492     2388.805
      20.799        0.000     2043.492     2388.805
      20.831        0.000     2043.492     2388.805
      20.862        0.000     2043.492     2388.805
      20.893        0.000     2043.492     2388.805
      20.924        0.000     2043.492     2388.805
      20.940        0.000     2046.816     2376.684
      20.971        0.000     1926.645     2278.438
      21.002        0.000     1710.750     2278.438
      21.034        0.000     1493.496     2278.438
      21.065        0.000     1244.418     2278.438
      21.096        0.000      998.750     2278.438
      21.127        0.000      759.406     2278.438
      21.155        0.000      571.801     2278.438
      21.191        0.000      276.750     2278.438
      21.223        0.000       91.016      402.219
      21.254        0.000       94.387      390.098
      21.281        0.000      110.211      390.098
      21.313        0.000      111.320      390.098
      21.345        0.000      124.348      402.219
      21.373        0.000      110.105      390.113
      21.405        0.000      102.230      377.992
      21.433        0.000      102.230      377.992
      21.461        0.000      102.230      377.992
      21.489        0.000      102.230      377.992
      21.517        0.000      102.230      377.992
      21.549        0.000      102.230      377.992
      21.577        0.000      107.000      377.992
      21.609        0.000      114.289      377.992
      21.637        0.000      121.039      377.992
      21.665        0.000       67.961      195.082
      21.705        0.000       68.691      195.082
      21.736        0.000       66.629      190.312
      21.768        0.000       48.113      158.762
      21.799        0.000        2.484        2.895
