# Elapsed time   CPU (%)     Real (MB)   Virtual (MB)
       0.000        0.000       11.184        7.344
       0.026        0.000       12.996        8.695
       0.049        0.000       15.195       10.609
       0.072        0.000       16.898       12.207
       0.099        0.000       19.207       13.922
       0.123        0.000       20.516       15.160
       0.150        0.000       23.047       17.262
       0.173        0.000       24.965       18.918
       0.196        0.000       27.184       22.797
       0.220        0.000       29.508       25.383
       0.245        0.000       31.246       26.738
       0.270        0.000       33.637       29.070
       0.294        0.000       35.004       29.977
       0.321        0.000       36.473       31.105
       0.345        0.000       38.113       32.836
       0.369        0.000       39.086       33.375
       0.394        0.000       39.477       33.887
       0.417        0.000       39.914       34.238
       0.444        0.000       40.391       34.652
       0.467        0.000       41.457       35.793
       0.490        0.000       42.520       36.809
       0.513        0.000       43.848       38.367
       0.539        0.000       47.309       53.711
       0.563        0.000       49.828       52.789
       0.587        0.000       52.730       52.680
       0.610        0.000       56.809       53.707
       0.632        0.000       58.656       54.727
       0.656        0.000       62.641       83.586
       0.679        0.000       66.520       83.625
       0.703        0.000       70.473       83.688
       0.730        0.000       73.863       83.176
       0.752        0.000       78.062       83.555
       0.778        0.000       82.023       84.570
       0.800        0.000       85.453       83.668
       0.826        0.000       89.633       87.621
       0.854        0.000       92.699       87.586
       0.877        0.000      116.895      124.070
       0.903        0.000      150.914      152.164
       0.926        0.000      147.133      168.766
       0.949        0.000      176.258      190.805
       0.972        0.000      207.398      214.098
       0.994        0.000      238.797      237.895
       1.018        0.000      268.598      289.035
       1.041        0.000      302.273      316.086
       1.063        0.000      336.082      343.141
       1.086        0.000      368.098      368.938
       1.109        0.000      400.855      423.336
       1.131        0.000      434.863      450.637
       1.154        0.000      468.281      477.941
       1.176        0.000      501.461      504.742
       1.198        0.000      535.258      531.797
       1.222        0.000      551.973      564.898
       1.244        0.000      564.664      564.898
       1.267        0.000      577.062      592.992
       1.290        0.000      590.195      592.992
       1.313        0.000      602.277      621.086
       1.337        0.000      617.055      621.086
       1.360        0.000      626.117      741.504
       1.384        0.000      662.363      741.504
       1.408        0.000      686.141      741.504
       1.430        0.000      688.219      741.504
       1.453        0.000      689.605      741.504
       1.476        0.000      689.605      741.504
       1.498        0.000      689.605      741.504
       1.520        0.000      721.168      741.504
       1.543        0.000      710.848      741.504
       1.567        0.000      577.266      572.723
       1.594        0.000      523.352      518.617
       1.622        0.000      444.812      439.926
       1.650        0.000      386.812      381.812
       1.679        0.000      331.258      340.730
       1.702        0.000      281.273      276.320
       1.726        0.000      248.023      242.758
       1.754        0.000      104.469      102.816
       1.781        0.000      113.461      113.594
       1.807        0.000      113.461      113.594
       1.833        0.000      113.461      113.594
       1.858        0.000      113.461      113.594
       1.879        0.000      113.461      113.594
       1.902        0.000      132.434      153.758
       1.929        0.000      162.164      193.973
       1.957        0.000      191.492      250.195
       1.985        0.000      209.258      250.195
       2.013        0.000      225.863      250.195
       2.037        0.000      225.863      250.195
       2.063        0.000      225.863      250.195
       2.087        0.000      226.133      250.195
       2.111        0.000      227.590      250.195
       2.135        0.000      228.883      250.195
       2.159        0.000      229.840      250.195
       2.183        0.000      230.773      250.195
       2.209        0.000      231.602      250.195
       2.234        0.000      232.629      250.195
       2.258        0.000      233.473      250.195
       2.284        0.000      234.184      250.195
       2.308        0.000      234.867      250.195
       2.333        0.000      235.676      250.195
       2.357        0.000      236.391      250.195
       2.382        0.000      237.109      250.195
       2.408        0.000      237.750      250.195
       2.432        0.000      238.395      250.195
       2.457        0.000      238.977      250.195
       2.481        0.000      239.504      250.195
       2.507        0.000      239.918      250.195
       2.533        0.000      239.918      250.195
       2.559        0.000      201.789      226.125
       2.584        0.000      211.078      226.125
       2.607        0.000      226.316      246.207
       2.631        0.000      241.871      246.207
       2.655        0.000      241.887      246.207
       2.680        0.000      201.801      206.043
       2.703        0.000      201.801      206.043
       2.728        0.000      205.820      226.125
       2.753        0.000      214.414      226.125
       2.776        0.000      229.703      246.207
       2.800        0.000      243.562      262.211
       2.827        0.000      256.574      262.211
       2.851        0.000      213.648      246.117
       2.876        0.000      223.727      246.117
       2.902        0.000      241.695      246.117
       2.925        0.000      263.438      282.258
       2.950        0.000      246.375      638.750
       2.975        0.000      255.027      655.449
       3.001        0.000      266.461      660.109
       3.028        0.000      278.109      665.266
       3.054        0.000      286.273      665.266
       3.080        0.000      296.324      665.266
       3.107        0.000      304.883      665.266
       3.133        0.000      315.184      670.297
       3.160        0.000      323.035      670.297
       3.183        0.000      333.168      670.297
       3.209        0.000      343.258      670.297
       3.235        0.000      349.992      670.297
       3.259        0.000      358.242      670.297
       3.285        0.000      366.895      670.297
       3.312        0.000      375.180      670.297
       3.339        0.000      384.855      670.297
       3.366        0.000      392.609      670.297
       3.392        0.000      401.672      670.297
       3.420        0.000      410.930      670.297
       3.447        0.000      416.914      671.738
       3.476        0.000      425.531      671.738
       3.505        0.000      433.832      671.738
       3.533        0.000      438.984      671.742
       3.563        0.000      443.152      671.742
       3.592        0.000      449.406      671.742
       3.621        0.000      453.117      671.742
       3.648        0.000      460.098      671.742
       3.671        0.000      466.660      671.742
       3.695        0.000      475.148      671.742
       3.720        0.000      486.465      671.742
       3.749        0.000      487.777      671.742
       3.779        0.000      495.863      671.742
       3.801        0.000      505.363      671.742
       3.828        0.000      513.195      671.742
       3.854        0.000      518.773      671.742
       3.879        0.000      525.301      671.742
       3.905        0.000      531.852      671.742
       3.929        0.000      538.469      671.742
       3.952        0.000      546.023      671.742
       3.974        0.000      553.043      671.742
       3.999        0.000      559.215      671.742
       4.022        0.000      565.586      671.742
       4.045        0.000      571.848      671.742
       4.070        0.000      575.887      671.742
       4.094        0.000      585.035      671.742
       4.120        0.000      589.293      671.742
       4.145        0.000      593.855      671.742
       4.169        0.000      597.297      671.742
       4.196        0.000      606.812      671.742
       4.223        0.000      613.477      671.742
       4.252        0.000      631.672      671.781
       4.281        0.000      632.816      672.082
       4.311        0.000      575.609      623.266
       4.339        0.000      560.816      611.270
       4.368        0.000      560.816      611.270
       4.397        0.000      560.832      611.270
       4.425        0.000      560.832      611.270
       4.449        0.000      558.039      599.199
       4.475        0.000      375.906      574.766
       4.502        0.000      166.539      574.766
       4.529        0.000      167.199      204.047
       4.559        0.000      103.406      143.582
       4.588        0.000       86.008      122.617
       4.618        0.000       45.734       74.453
