# Elapsed time   CPU (%)     Real (MB)   Virtual (MB)
       0.000        0.000       11.934        7.512
       0.028        0.000       14.254        9.672
       0.044        0.000       15.156       10.480
       0.060        0.000       16.645       12.160
       0.075        0.000       18.211       13.332
       0.099        0.000       20.031       14.641
       0.130        0.000       22.719       16.953
       0.146        0.000       23.965       18.145
       0.161        0.000       25.520       19.277
       0.177        0.000       27.258       22.824
       0.202        0.000       29.570       25.586
       0.218        0.000       30.266       25.887
       0.233        0.000       32.781       28.430
       0.249        0.000       33.879       29.340
       0.265        0.000       34.906       29.941
       0.289        0.000       36.906       31.375
       0.313        0.000       38.434       32.945
       0.345        0.000       39.332       33.742
       0.361        0.000       39.719       34.004
       0.376        0.000       39.996       34.281
       0.407        0.000       40.742       35.121
       0.439        0.000       41.848       36.195
       0.470        0.000       43.957       38.277
       0.501        0.000       45.312       52.648
       0.530        0.000       48.703       53.656
       0.558        0.000       51.531       52.711
       0.582        0.000       55.047       53.656
       0.610        0.000       58.113       53.656
       0.646        0.000       62.844       83.531
       0.677        0.000       67.848       83.586
       0.709        0.000       73.852       83.652
       0.740        0.000       78.672       84.004
       0.771        0.000       83.828       83.926
       0.787        0.000       85.988       83.633
       0.802        0.000       88.504       83.559
       0.827        0.000       92.680       87.539
       0.847        0.000      107.840      109.973
       0.862        0.000      136.059      152.117
       0.893        0.000      157.980      152.117
       0.925        0.000      176.508      190.715
       0.940        0.000      188.465      199.734
       0.972        0.000      228.086      229.828
       0.987        0.000      249.273      245.859
       1.003        0.000      271.633      291.488
       1.018        0.000      295.145      310.773
       1.034        0.000      308.945      321.797
       1.065        0.000      342.645      348.848
       1.096        0.000      385.012      382.914
       1.112        0.000      408.641      430.047
       1.128        0.000      431.766      448.582
       1.143        0.000      455.230      467.617
       1.159        0.000      478.703      486.406
       1.175        0.000      501.906      504.941
       1.190        0.000      525.047      523.727
       1.206        0.000      543.934      564.848
       1.221        0.000      552.262      564.848
       1.237        0.000      559.887      564.848
       1.253        0.000      568.539      564.848
       1.268        0.000      575.070      592.941
       1.293        0.000      587.711      592.941
       1.317        0.000      601.773      621.035
       1.345        0.000      620.016      621.035
       1.360        0.000      625.469      621.035
       1.376        0.000      647.375      741.457
       1.407        0.000      685.758      741.457
       1.438        0.000      688.059      741.457
       1.470        0.000      689.586      741.457
       1.496        0.000      689.586      741.457
       1.520        0.000      691.145      741.457
       1.544        0.000      726.785      741.457
       1.568        0.000      630.238      653.156
       1.596        0.000      548.582      544.113
       1.624        0.000      504.832      500.027
       1.652        0.000      446.293      441.625
       1.680        0.000      412.293      407.309
       1.708        0.000      373.043      368.234
       1.736        0.000      312.254      307.328
       1.760        0.000      280.004      275.016
       1.788        0.000      235.254      229.934
       1.812        0.000      109.262      113.500
       1.840        0.000      113.496      113.527
       1.864        0.000      113.496      113.527
       1.888        0.000      113.496      113.527
       1.903        0.000      113.496      113.527
       1.919        0.000      113.496      113.527
       1.934        0.000      113.496      113.527
       1.950        0.000      113.496      113.527
       1.966        0.000      113.504      113.527
       1.981        0.000      121.066      121.578
       2.013        0.000      149.516      153.695
       2.044        0.000      182.609      250.133
       2.075        0.000      204.664      250.133
       2.106        0.000      225.898      250.133
       2.122        0.000      225.898      250.133
       2.137        0.000      225.898      250.133
       2.153        0.000      225.898      250.133
       2.184        0.000      226.395      250.133
       2.216        0.000      228.102      250.133
       2.231        0.000      228.875      250.133
       2.247        0.000      229.441      250.133
       2.262        0.000      230.020      250.133
       2.294        0.000      231.105      250.133
       2.322        0.000      231.934      250.133
       2.349        0.000      232.789      250.133
       2.381        0.000      233.715      250.133
       2.412        0.000      234.430      250.133
       2.443        0.000      235.246      250.133
       2.474        0.000      236.176      250.133
       2.505        0.000      236.879      250.133
       2.537        0.000      237.605      250.133
       2.568        0.000      238.355      250.133
       2.599        0.000      239.094      250.133
       2.630        0.000      239.727      250.133
       2.662        0.000      239.953      250.133
       2.693        0.000      201.824      226.062
       2.724        0.000      211.363      226.062
       2.740        0.000      221.871      246.145
       2.755        0.000      236.922      246.145
       2.783        0.000      241.914      246.145
       2.807        0.000      241.922      246.145
       2.843        0.000      201.836      205.980
       2.875        0.000      205.855      226.062
       2.890        0.000      212.902      226.062
       2.921        0.000      232.309      246.145
       2.953        0.000      246.500      262.145
       2.984        0.000      253.762      262.145
       3.000        0.000      213.680      246.055
       3.031        0.000      226.512      246.055
       3.046        0.000      237.891      246.055
       3.062        0.000      249.750      282.199
       3.078        0.000      268.648      282.199
       3.109        0.000      249.617      655.250
       3.140        0.000      259.309      655.387
       3.171        0.000      272.020      665.207
       3.203        0.000      281.551      665.207
       3.218        0.000      285.762      665.207
       3.234        0.000      293.066      665.207
       3.265        0.000      302.996      665.207
       3.296        0.000      312.727      670.242
       3.325        0.000      321.578      670.242
       3.344        0.000      327.285      670.242
       3.376        0.000      339.461      670.242
       3.407        0.000      349.191      670.242
       3.438        0.000      358.051      670.242
       3.454        0.000      362.094      670.242
       3.469        0.000      366.551      670.242
       3.501        0.000      375.859      670.242
       3.532        0.000      385.191      670.242
       3.547        0.000      392.000      670.242
       3.579        0.000      402.656      670.242
       3.610        0.000      413.934      670.242
       3.641        0.000      423.512      671.684
       3.672        0.000      429.070      671.684
       3.704        0.000      438.082      671.684
       3.735        0.000      442.609      671.684
       3.766        0.000      448.961      671.684
       3.797        0.000      449.379      671.684
       3.822        0.000      457.094      671.684
       3.846        0.000      464.422      671.684
       3.877        0.000      473.348      671.684
       3.908        0.000      486.641      671.684
       3.939        0.000      489.508      671.684
       3.971        0.000      498.945      671.684
       4.002        0.000      508.793      671.684
       4.018        0.000      513.348      671.684
       4.033        0.000      518.531      671.684
       4.064        0.000      530.000      671.684
       4.096        0.000      542.375      671.684
       4.127        0.000      551.777      671.684
       4.143        0.000      555.930      671.684
       4.158        0.000      563.141      671.684
       4.189        0.000      571.898      671.684
       4.221        0.000      580.777      671.684
       4.236        0.000      588.863      671.684
       4.268        0.000      593.527      671.684
       4.300        0.000      600.500      671.684
       4.324        0.000      607.801      671.684
       4.344        0.000      612.734      671.684
       4.375        0.000      631.184      671.727
       4.406        0.000      632.328      672.027
       4.437        0.000      632.328      672.027
       4.469        0.000      560.324      611.211
       4.500        0.000      560.324      611.211
       4.531        0.000      560.340      611.211
       4.562        0.000      560.340      611.211
       4.594        0.000      546.363      589.367
       4.625        0.000      305.688      574.781
       4.656        0.000      173.102      212.066
       4.689        0.000      145.504      204.055
       4.721        0.000       85.512      122.621
       4.753        0.000       61.637      100.688
